0.033979 0.031847
0.033840 0.031814
0.033911 0.031843
0.033729 0.031561
0.033696 0.031644
0.033729 0.031835
0.033688 0.031726
0.033669 0.031614
0.033615 0.031386
0.033887 0.031562
0.033873 0.031880
0.033871 0.031986
0.033734 0.032284
0.033471 0.032335
0.033406 0.032230
0.033642 0.031443
0.033656 0.032062
0.033810 0.031334
0.033759 0.032044
0.034012 0.031623
0.033969 0.031961
0.033687 0.031942
0.033682 0.031836
0.033780 0.031807
0.033573 0.031890
0.033726 0.031870
0.034098 0.032130
0.033653 0.032119
0.033981 0.032256
0.033699 0.032187
0.033827 0.032476
0.033813 0.032231
0.033936 0.031723
0.034042 0.032538
0.033812 0.032334
0.033848 0.032223
0.033853 0.032080
0.033887 0.032234
0.033842 0.031842
0.033575 0.031956
0.033728 0.031968
0.033757 0.032300
0.034051 0.031954
0.033743 0.032285
0.034006 0.032609
0.033890 0.031940
0.033727 0.031470
0.033448 0.031586
0.033543 0.032325
0.033473 0.032356
0.033790 0.032053
0.033885 0.031902
0.033698 0.031859
0.033909 0.032088
0.033577 0.032185
0.033731 0.031846
0.033693 0.031776
0.033792 0.031993
0.033927 0.031474
0.033742 0.031744
0.033868 0.032467
0.033802 0.031905
0.033906 0.032133
0.033952 0.032184
0.034030 0.032070
0.033926 0.032186
0.033847 0.032291
0.033921 0.032195
0.033921 0.032130
0.033968 0.032054
0.034057 0.032319
0.033776 0.031895
0.033841 0.031877
0.033935 0.031334
0.033908 0.031449
0.033803 0.031700
0.033743 0.031841
0.034051 0.031547
0.033890 0.031764
0.033786 0.031788
0.034164 0.032057
0.034056 0.031813
0.033917 0.032083
0.034328 0.032156
0.034134 0.032433
0.034248 0.032301
0.033934 0.032024
0.033915 0.031796
0.033494 0.032049
0.033599 0.031864
0.033859 0.031297
0.033668 0.031283
0.033906 0.032099
0.033899 0.032444
0.033996 0.032172
0.033797 0.032136
0.033683 0.031867
0.033831 0.032340
0.033721 0.032440
0.033662 0.032630
0.033777 0.032000
0.033649 0.032254
0.033735 0.032317
0.033627 0.032271
0.033887 0.032422
0.033744 0.032149
0.033749 0.032085
0.033717 0.032400
0.033631 0.031991
0.033569 0.032320
0.033839 0.031894
0.033426 0.032049
0.033495 0.031912
0.033541 0.032347
0.033615 0.032195
0.033699 0.032268
0.033675 0.032327
0.033704 0.032280
0.033758 0.032458
0.033589 0.032559
0.033780 0.032279
0.033874 0.032612
0.033943 0.032538
0.033936 0.032203
0.033980 0.032395
0.033816 0.032131
0.033883 0.032337
0.034163 0.031779
0.034226 0.032002
0.033971 0.031897
0.033949 0.031846
0.033623 0.032157
0.033698 0.032029
0.033711 0.031989
0.033850 0.031808
0.033980 0.031791
0.033575 0.032260
0.033795 0.032192
0.033808 0.031896
0.033898 0.032311
0.033608 0.031985
0.033662 0.032260
0.033662 0.032420
0.033572 0.032190
0.033399 0.031663
0.033653 0.031779
0.033608 0.031801
0.033693 0.031540
0.033511 0.031799
0.033773 0.031669
0.033646 0.031734
0.033903 0.031890
0.034001 0.031629
0.033832 0.031738
0.033655 0.031823
0.033465 0.031687
0.033812 0.032085
0.033864 0.032136
0.033949 0.032189
0.033818 0.032147
0.034187 0.032285
0.033966 0.032080
0.034040 0.032217
0.034295 0.032332
0.034159 0.032212
0.034208 0.032365
0.034190 0.032371
0.034290 0.032323
0.034264 0.032230
0.034359 0.032236
0.034515 0.032279
0.034045 0.032603
0.034258 0.032512
0.034008 0.032375
0.034217 0.032306
0.034196 0.032320
0.034083 0.032012
0.034184 0.032271
0.034242 0.032463
0.034065 0.032501
0.034174 0.032519
0.033827 0.032523
0.033985 0.032398
0.034075 0.032218
0.034101 0.032279
0.033922 0.032223
0.034153 0.032149
0.034145 0.032216
0.033888 0.031750
0.034539 0.031810
0.033935 0.032373
0.033591 0.032132
0.033665 0.031750
0.033784 0.032090
0.033710 0.031970
0.033740 0.031599
0.034023 0.032069
0.033756 0.031971
0.034052 0.032036
0.034230 0.032173
0.033860 0.031802
0.033926 0.032155
0.033728 0.032085
0.033724 0.031895
0.033846 0.031862
0.033715 0.031989
0.034139 0.031844
0.033832 0.031634
0.034169 0.031924
0.033846 0.032196
0.034040 0.032016
0.033775 0.032274
0.033708 0.032116
0.033559 0.032557
0.033482 0.032241
0.033815 0.031961
0.034209 0.031765
0.033862 0.031936
0.033410 0.032467
0.033587 0.031997
0.033644 0.032050
0.033806 0.032002
0.033619 0.031573
0.033468 0.031757
0.033694 0.031633
0.033715 0.031789
0.033718 0.031877
0.033679 0.031590
0.033487 0.031442
0.033728 0.031634
0.033833 0.031831
0.033782 0.031463
0.033512 0.031238
0.033587 0.032025
0.033798 0.032110
0.033915 0.031788
0.033632 0.031980
0.033786 0.031722
0.033777 0.031866
0.033816 0.032043
0.034003 0.031517
0.034123 0.032083
0.034045 0.032187
0.034037 0.031870
0.033991 0.032038
0.033898 0.032181
0.034066 0.031757
0.033930 0.031956
0.033799 0.031910
0.033505 0.031750
0.033656 0.031712
0.033694 0.031898
0.033588 0.031756
0.033541 0.031955
0.033624 0.031927
0.033852 0.031276
0.033609 0.032279
0.033962 0.031754
0.033577 0.031255
0.033603 0.031453
0.033609 0.031316
0.033479 0.032039
0.033610 0.031402
0.033827 0.031672
0.033482 0.031552
0.033519 0.031659
0.033763 0.032082
0.034005 0.031684
0.033798 0.031942
0.033885 0.031986
0.033834 0.031600
0.034034 0.031993
0.033770 0.031865
0.033611 0.031770
0.033725 0.031941
0.033851 0.032148
0.033345 0.032106
0.033262 0.032112
0.033698 0.032024
0.033814 0.032191
0.033373 0.032050
0.033652 0.032139
0.033435 0.031813
0.033724 0.031793
0.033982 0.032051
0.033932 0.032017
0.033809 0.032224
0.033672 0.032341
0.033773 0.031693
0.034006 0.031445
0.033934 0.031763
0.033324 0.031902
0.033390 0.031888
0.033661 0.031981
0.033502 0.031844
0.033658 0.031898
0.033658 0.031545
0.033597 0.031669
0.033815 0.031526
0.033691 0.031930
0.033696 0.031700
0.033704 0.031761
0.033520 0.031981
0.033891 0.031971
0.033493 0.032143
0.033621 0.032086
0.033586 0.032353
0.033598 0.032075
0.033478 0.032161
0.033799 0.031963
0.033891 0.032188
0.033903 0.032284
0.033861 0.031984
0.033953 0.031899
0.034056 0.031854
0.033681 0.031647
0.033854 0.032015
0.034044 0.031838
0.034155 0.032024
0.033973 0.032143
0.033930 0.032035
0.034224 0.031655
0.034130 0.031943
0.033794 0.031905
0.033763 0.032155
0.033666 0.032015
0.033763 0.032315
0.033621 0.031943
0.033616 0.032079
0.033467 0.031997
0.033557 0.032006
0.033521 0.031869
0.033847 0.031969
0.033861 0.032164
0.033996 0.031853
0.033537 0.031801
0.033732 0.031563
0.033850 0.031650
0.033906 0.032121
0.033710 0.031918
0.033965 0.031986
0.034288 0.032034
0.034092 0.032048
0.034014 0.032101
0.034060 0.031849
0.033933 0.031955
0.033988 0.032123
0.033884 0.032494
0.034057 0.031987
0.033891 0.032234
0.033739 0.032052
0.033754 0.032140
0.033954 0.032256
0.033535 0.032117
0.034207 0.032061
0.033907 0.032171
0.034092 0.031965
0.034127 0.031834
0.034443 0.032010
0.034419 0.031883
0.034386 0.032065
0.033898 0.031978
0.034013 0.031895
0.034035 0.032187
0.033879 0.032337
0.034099 0.032411
0.033884 0.032032
0.034007 0.032157
0.033921 0.031979
0.033820 0.032024
0.033699 0.031834
0.033728 0.032164
0.033879 0.031946
0.033902 0.031237
0.033909 0.031581
0.033781 0.031936
0.034165 0.031869
0.034298 0.032299
0.034089 0.032133
0.033861 0.031884
0.033824 0.032130
0.033979 0.031771
0.033919 0.031893
0.034308 0.031569
0.034026 0.031763
0.033757 0.031509
0.033827 0.031746
0.033536 0.032127
0.033535 0.031559
0.033561 0.031956
0.033558 0.032069
0.033702 0.031862
0.033880 0.032083
0.033989 0.032053
0.033719 0.031958
0.033872 0.031958
0.033716 0.032060
0.034035 0.032051
0.033989 0.032328
0.033875 0.031685
0.033819 0.031220
0.033925 0.031715
0.033964 0.031540
0.033955 0.031720
0.033808 0.031622
0.033988 0.032110
0.033984 0.032292
0.034078 0.032188
0.033998 0.031870
0.033900 0.032056
0.033914 0.032043
0.033907 0.031826
0.033835 0.032220
0.033914 0.032213
0.033864 0.032135
0.033930 0.032009
0.034040 0.031718
0.033922 0.031874
0.033755 0.031579
0.033952 0.031305
0.033858 0.031564
0.033793 0.031686
0.033843 0.031965
0.033907 0.031804
0.033963 0.031117
0.034003 0.031397
0.033915 0.031800
0.033760 0.031286
0.033577 0.031104
0.033960 0.031775
0.034047 0.031569
0.034025 0.031280
0.033983 0.031457
0.033996 0.030939
0.034062 0.031438
0.034079 0.031553
0.033973 0.031459
0.033962 0.031596
0.034090 0.031190
0.033969 0.030874
0.033879 0.031226
0.033907 0.031448
0.034041 0.031349
0.034082 0.031144
0.034058 0.031349
0.034026 0.031196
0.034025 0.031172
0.033936 0.031221
0.034112 0.031464
0.034240 0.031410
0.034201 0.031354
0.034116 0.031452
0.034189 0.031214
0.034161 0.031448
0.034260 0.031273
0.033998 0.031193
0.034076 0.031194
0.034179 0.031211
0.034136 0.031333
0.034059 0.031258
0.034151 0.031149
0.034036 0.031330
0.033952 0.031219
0.034256 0.031366
0.033917 0.031648
0.033959 0.031498
0.034089 0.031414
0.033954 0.031432
0.034023 0.031649
0.034168 0.031344
0.034044 0.031654
0.033813 0.031763
0.033886 0.031336
0.033893 0.031471
0.033838 0.031793
0.033838 0.031681
0.033830 0.031478
0.033805 0.031275
0.034023 0.031188
0.033970 0.031141
0.033828 0.031501
0.033794 0.031512
0.033732 0.031555
0.033732 0.031265
0.034027 0.031368
0.033668 0.031629
0.033805 0.031599
0.033845 0.031629
0.033925 0.031911
0.034045 0.031895
0.033939 0.031611
0.033782 0.031188
0.033830 0.032028
0.033951 0.031942
0.033977 0.031962
0.033902 0.031743
0.033932 0.031914
0.034090 0.031813
0.034030 0.031780
0.034119 0.031565
0.034098 0.031666
0.033983 0.031398
0.033947 0.031380
0.033886 0.031610
0.033976 0.031336
0.034205 0.031001
0.034061 0.031424
0.034092 0.031072
0.034158 0.030821
0.034075 0.031126
0.034055 0.031159
0.033986 0.031867
0.033922 0.031523
0.034073 0.031625
0.033985 0.031679
0.034105 0.031560
0.034016 0.031705
0.033993 0.031833
0.033866 0.031840
0.033891 0.031642
0.033805 0.031772
0.033865 0.031567
0.034064 0.031657
0.033950 0.031491
0.033929 0.031755
0.033900 0.031682
0.034056 0.031512
0.034057 0.031497
0.034074 0.031817
0.033997 0.031769
0.034074 0.031818
0.034085 0.031598
0.034035 0.031531
0.033813 0.031599
0.033807 0.031756
0.033831 0.031858
0.034053 0.032194
0.033842 0.031867
0.033759 0.031507
0.033940 0.031622
0.033851 0.031930
0.033728 0.031800
0.033818 0.032007
0.033759 0.032160
0.033851 0.032269
0.033906 0.032295
0.033877 0.031739
0.033788 0.031968
0.033825 0.032171
0.033753 0.031890
0.033895 0.031894
0.033892 0.032112
0.033966 0.032154
0.033852 0.032164
0.033935 0.032062
0.033916 0.032002
0.033907 0.031964
0.033933 0.032297
0.033792 0.032310
0.033801 0.032284
0.033996 0.032172
0.033920 0.031824
0.033687 0.031755
0.033656 0.031591
0.033818 0.032075
0.033838 0.032103
0.033888 0.031884
0.033830 0.031866
0.033806 0.031688
0.033865 0.032041
0.033810 0.031780
0.033919 0.031897
0.033895 0.032120
0.033810 0.031764
0.034087 0.031953
0.034222 0.032026
0.034056 0.032010
0.033907 0.032042
0.034089 0.031671
0.033707 0.031606
0.034139 0.031918
0.033813 0.031439
0.034113 0.031699
0.033891 0.031476
0.033757 0.031584
0.033711 0.031421
0.033700 0.031633
0.033834 0.031722
0.033961 0.031560
0.033907 0.031836
0.033985 0.031679
0.034099 0.031671
0.033884 0.032521
0.033903 0.032114
0.033681 0.031889
0.034068 0.031689
0.033656 0.031876
0.033546 0.031793
0.033759 0.031508
0.033659 0.031806
0.033794 0.031682
0.033599 0.031763
0.033749 0.031779
0.033884 0.031655
0.033717 0.031590
0.033678 0.031729
0.033777 0.031971
0.033661 0.031367
0.033720 0.031389
0.033882 0.032047
0.033793 0.031614
0.033934 0.031635
0.033878 0.031330
0.033751 0.031676
0.033843 0.031537
0.033722 0.032052
0.033703 0.031655
0.033809 0.032173
0.033755 0.032170
0.033723 0.031857
0.033980 0.031743
0.033911 0.031638
0.033462 0.031464
0.033602 0.031501
0.033816 0.031682
0.033612 0.031367
0.033746 0.031382
0.033479 0.031985
0.033876 0.031728
0.034011 0.031962
0.033794 0.031800
0.034011 0.031741
0.033995 0.032110
0.033742 0.031611
0.033822 0.031841
0.033640 0.031746
0.033774 0.032045
0.033701 0.032094
0.033716 0.032073
0.033766 0.031872
0.034029 0.031793
0.034123 0.031516
0.034007 0.031437
0.034093 0.031980
0.033883 0.031788
0.034061 0.031856
0.033867 0.031550
0.033884 0.031642
0.034059 0.031886
0.033914 0.031795
0.033658 0.031540
0.033619 0.031979
0.033730 0.031739
0.034143 0.031901
0.033925 0.031780
0.033832 0.031529
0.033844 0.031551
0.033885 0.031391
0.033675 0.031284
0.033626 0.031620
0.034089 0.031068
0.034032 0.031474
0.033960 0.031592
0.034180 0.031854
0.033990 0.031431
0.033950 0.030903
0.033738 0.031260
0.033902 0.030745
0.034002 0.031361
0.033853 0.031154
0.033964 0.031224
0.033981 0.031325
0.034055 0.031235
0.033781 0.031525
0.033681 0.031868
0.033892 0.031645
0.034004 0.031374
0.033853 0.031576
0.033937 0.031336
0.033856 0.031641
0.033766 0.031378
0.034014 0.031302
0.033989 0.031288
0.033747 0.031044
0.033716 0.031430
0.034076 0.031437
0.033931 0.031601
0.034150 0.031727
0.034039 0.032105
0.034048 0.031785
0.033938 0.031916
0.034052 0.031507
0.034085 0.031532
0.034074 0.031872
0.034150 0.032099
0.033975 0.031571
0.034067 0.031933
0.033920 0.031828
0.033967 0.031613
0.034139 0.031754
0.034079 0.031389
0.034164 0.031213
0.034188 0.031524
0.033909 0.031601
0.034018 0.031881
0.033888 0.032103
0.033812 0.031984
0.033765 0.031860
0.033769 0.031750
0.033951 0.031713
0.034119 0.031498
0.034153 0.032067
0.034057 0.031602
0.033966 0.032132
0.034195 0.031614
0.034161 0.031908
0.034071 0.031780
0.034020 0.031771
0.033984 0.031194
0.034055 0.031778
0.033946 0.032168
0.034070 0.032015
0.033892 0.031649
0.034147 0.031833
0.034047 0.031729
0.034146 0.032181
0.033938 0.031300
0.034016 0.031274
0.033896 0.031639
0.034087 0.031615
0.034008 0.031579
0.033894 0.032167
0.033793 0.031666
0.033915 0.031534
0.033993 0.032056
0.033876 0.031787
0.033876 0.031784
0.034152 0.031418
0.034147 0.031626
0.034020 0.031385
0.033829 0.031972
0.033856 0.032017
0.033915 0.032031
0.033716 0.031509
0.033836 0.032312
0.033690 0.032064
0.033781 0.032109
0.033679 0.031942
0.033853 0.031661
0.033924 0.032178
0.033886 0.032122
0.033863 0.032010
0.034002 0.032091
0.033855 0.031894
0.034234 0.032109
0.034315 0.032306
0.034305 0.032120
0.034028 0.031886
0.034011 0.032131
0.034037 0.032548
0.034150 0.032461
0.033989 0.032303
0.034046 0.032278
0.034062 0.032462
0.034118 0.032314
0.033690 0.032249
0.033987 0.032183
0.034137 0.032125
0.033725 0.032230
0.034025 0.032155
0.034043 0.032249
0.033890 0.032262
0.033773 0.032298
0.033664 0.032043
0.033735 0.031631
0.033650 0.031398
0.033766 0.031815
0.034071 0.031968
0.034033 0.031828
0.033693 0.032071
0.033827 0.031849
0.033907 0.031958
0.033893 0.032054
0.033760 0.032144
0.033998 0.032172
0.034138 0.032192
0.034054 0.031820
0.033879 0.032102
0.033631 0.032123
0.033871 0.032156
0.033823 0.032154
0.033834 0.031944
0.033634 0.031845
0.033727 0.031891
0.033544 0.032120
0.033698 0.032173
0.033792 0.031812
0.033955 0.031823
0.033779 0.031926
0.033766 0.031878
0.033850 0.031933
0.033633 0.031860
0.034002 0.032044
0.033833 0.032064
0.033832 0.031843
0.033952 0.031852
0.033622 0.031689
0.033688 0.031690
0.033550 0.031182
0.033662 0.031370
0.033690 0.031273
0.033726 0.031422
0.033775 0.031380
0.033681 0.031559
0.033916 0.031365
0.033524 0.031320
0.034110 0.031543
0.033756 0.031363
0.034072 0.031829
0.033659 0.032006
0.033962 0.031965
0.033778 0.031263
0.033762 0.031569
0.033659 0.031883
0.033628 0.031707
0.033442 0.031502
0.033674 0.031660
0.033639 0.031642
0.033820 0.032073
0.033514 0.031958
0.033574 0.031750
0.033679 0.031824
0.033732 0.031767
0.033595 0.031926
0.033658 0.031943
0.033586 0.031677
0.033486 0.031884
0.033634 0.031446
0.033800 0.031884
0.033732 0.031542
0.033751 0.031138
0.033674 0.030951
0.033761 0.031499
0.033841 0.031537
0.033729 0.031692
0.033763 0.031455
0.033864 0.031733
0.033567 0.031394
0.033434 0.031092
0.033863 0.030938
0.033773 0.031345
0.033692 0.031917
0.033670 0.031597
0.033742 0.031611
0.034058 0.032165
0.033911 0.032022
0.033708 0.031626
0.033761 0.031562
0.033833 0.031267
0.033667 0.031865
0.033603 0.031492
0.033823 0.031525
0.033711 0.031470
0.033712 0.031325
0.033501 0.032132
0.033593 0.032044
0.033815 0.031721
0.034151 0.031730
0.033793 0.032396
0.033799 0.031674
0.033967 0.031909
0.033926 0.031964
0.034068 0.032181
0.033813 0.031407
0.033899 0.031856
0.033865 0.031891
0.033659 0.031770
0.033811 0.031742
0.033911 0.031546
0.033710 0.031772
0.033896 0.031975
0.033899 0.032044
0.033806 0.032146
0.033853 0.031941
0.033636 0.031781
0.033921 0.032226
0.034224 0.032442
0.033525 0.032244
0.033761 0.032084
0.034040 0.031932
0.034104 0.032263
0.034132 0.032254
0.034192 0.031943
0.034236 0.032206
0.034004 0.032026
0.033998 0.032030
0.033953 0.032055
0.033854 0.032159
0.033889 0.031842
0.033931 0.031621
0.033663 0.031629
0.034046 0.031761
0.033685 0.031836
0.033713 0.031279
0.033561 0.031342
0.033708 0.031821
0.033813 0.031553
0.033917 0.031835
0.033997 0.031649
0.033729 0.031329
0.033819 0.031513
0.034008 0.030977
0.033936 0.031540
0.033907 0.031728
0.033917 0.031340
0.034151 0.031864
0.033964 0.031999
0.033864 0.031991
0.033763 0.031669
0.033808 0.031731
0.033752 0.031674
0.033865 0.031759
0.033850 0.031101
0.033832 0.031574
0.033864 0.031706
0.034052 0.031741
0.034274 0.031858
0.034042 0.031859
0.033913 0.031975
0.033874 0.031984
0.034021 0.032343
0.034009 0.031614
0.033960 0.031817
0.033792 0.031864
0.033787 0.031453
0.033907 0.031907
0.034053 0.031398
0.033834 0.030990
0.034000 0.031487
0.033939 0.031438
0.034143 0.031411
0.033869 0.032527
0.034088 0.032152
0.033922 0.032179
0.034029 0.032123
0.033699 0.032230
0.033929 0.032251
0.033889 0.032536
0.033737 0.032021
0.033878 0.032226
0.033834 0.031926
0.033887 0.031592
0.033879 0.032063
0.033990 0.032248
0.033584 0.032096
0.033653 0.032307
0.033572 0.032230
0.033672 0.031877
0.033661 0.031999
0.033732 0.031828
0.033854 0.031739
0.033982 0.032237
0.033846 0.032057
0.033929 0.031918
0.033731 0.031990
0.033946 0.032180
0.033994 0.032285
0.034153 0.032369
0.033966 0.031937
0.033956 0.032253
0.034210 0.031731
0.034094 0.031745
0.034208 0.031666
0.034161 0.031827
0.034243 0.032168
0.033876 0.032413
0.034341 0.032352
0.034055 0.032050
0.033693 0.032070
0.033847 0.032004
0.033533 0.031502
0.033318 0.031973
0.033563 0.031361
0.033456 0.031315
0.033491 0.032074
0.033628 0.031301
0.033493 0.031145
0.033612 0.031048
0.033531 0.032376
0.033696 0.031512
0.033703 0.032060
0.033862 0.031265
0.033998 0.031790
0.033858 0.031919
0.033654 0.032130
0.033791 0.031828
0.033965 0.031810
0.033928 0.032201
0.033674 0.032359
0.033875 0.032370
0.033666 0.031998
0.033882 0.032276
0.033926 0.032138
0.033859 0.032081
0.034078 0.032167
0.033943 0.031970
0.033949 0.032259
0.033577 0.032363
0.033613 0.031798
0.033595 0.032176
0.033811 0.031765
0.034017 0.031757
0.033742 0.031627
0.033703 0.031577
0.033428 0.032141
0.033652 0.031726
0.033761 0.031846
0.033665 0.032100
0.033763 0.031945
0.033830 0.031794
0.033773 0.032178
0.033874 0.032258
0.033768 0.032111
0.033537 0.032104
0.033956 0.031972
0.033775 0.032330
0.033898 0.031774
0.033735 0.031529
0.033550 0.031899
0.033576 0.031913
0.033597 0.032275
0.033688 0.032230
0.033624 0.032333
0.033638 0.032000
0.033643 0.032026
0.033794 0.031905
0.033755 0.031939
0.033657 0.032426
0.033273 0.032333
0.033562 0.032183
0.033927 0.031849
0.033963 0.032312
0.033640 0.032006
0.033671 0.031380
0.033640 0.032348
0.033710 0.032309
0.033682 0.032721
0.034185 0.032284
0.033847 0.032107
0.033757 0.032247
0.033725 0.032550
0.033680 0.032257
0.033824 0.032452
0.033523 0.032048
0.033872 0.032271
0.033673 0.032491
0.033853 0.032693
0.033637 0.032273
0.033654 0.032302
0.033945 0.032389
0.033730 0.032000
0.033635 0.032041
0.033610 0.031822
0.033601 0.031923
0.033528 0.032077
0.033317 0.031814
0.033889 0.032367
0.033932 0.032581
0.033760 0.032102
0.033659 0.031918
0.033399 0.032187
0.033900 0.032205
0.033581 0.032275
0.033926 0.032036
0.034098 0.032051
0.033714 0.032171
0.033914 0.032114
0.033859 0.032146
0.034037 0.032032
0.033877 0.032033
0.033721 0.031961
0.033866 0.031942
0.033938 0.031519
0.033943 0.031424
0.033741 0.031280
0.033787 0.031386
0.033659 0.031395
0.033696 0.031871
0.033917 0.031985
0.033974 0.031792
0.034070 0.031720
0.033867 0.031795
0.033716 0.031736
0.033718 0.031828
0.033743 0.031735
0.033839 0.032170
0.034060 0.031646
0.033903 0.032059
0.034018 0.032058
0.033885 0.032056
0.033925 0.032097
0.033865 0.032312
0.033787 0.032032
0.034198 0.031799
0.034023 0.031889
0.033880 0.031700
0.034072 0.032255
0.033991 0.032042
0.033921 0.032069
0.033772 0.031949
0.034055 0.031955
0.034147 0.032542
0.033888 0.032155
0.033574 0.032094
0.033753 0.031580
0.033843 0.031533
0.033675 0.031722
0.033756 0.032483
0.033527 0.032684
0.033660 0.032224
0.033970 0.032160
0.033800 0.032148
0.033806 0.032404
0.033850 0.032276
0.034040 0.032234
0.033911 0.032127
0.033811 0.031661
0.033842 0.032193
0.034036 0.031834
0.033848 0.031803
0.033859 0.031428
0.033925 0.031980
0.033875 0.032159
0.033638 0.032057
0.033704 0.032046
0.033773 0.031732
0.033767 0.032138
0.033588 0.031881
0.033774 0.031578
0.034095 0.031609
0.033878 0.031504
0.033920 0.031449
0.033879 0.031784
0.033891 0.031337
0.033828 0.031611
0.033621 0.032005
0.033483 0.032081
0.033876 0.031536
0.033446 0.032262
0.033855 0.032351
0.033900 0.032254
0.033692 0.032593
0.034091 0.032340
0.033994 0.031870
0.034096 0.031856
0.033716 0.031879
0.033666 0.031859
0.033825 0.031955
0.034075 0.031999
0.033933 0.032190
0.033872 0.032232
0.033870 0.032148
0.033921 0.032174
0.034114 0.032165
0.034083 0.032116
0.033805 0.032174
0.034092 0.032355
0.033820 0.032307
0.034026 0.032395
0.034094 0.032102
0.033967 0.031859
0.034111 0.032144
0.034260 0.031938
0.034295 0.031794
0.034312 0.031437
0.034198 0.031746
0.034289 0.031777
0.034232 0.032143
0.034230 0.032460
0.034263 0.032506
0.034189 0.032269
0.034217 0.032140
0.034211 0.031976
0.034233 0.031893
0.033981 0.032087
0.034215 0.031527
0.034179 0.031567
0.034122 0.031766
0.034137 0.031792
0.033977 0.032133
0.034050 0.032130
0.033601 0.031842
0.033819 0.031889
0.033979 0.032044
0.033789 0.031887
0.034066 0.032056