0.033633 0.031250
0.033388 0.030671
0.033658 0.030752
0.033688 0.030784
0.033458 0.030938
0.033464 0.030994
0.034219 0.030568
0.033821 0.030697
0.033466 0.030665
0.033683 0.030700
0.033435 0.030460
0.033394 0.031012
0.033542 0.031125
0.033520 0.030757
0.033547 0.030930
0.033496 0.031125
0.033646 0.030887
0.033735 0.031269
0.033788 0.031002
0.033668 0.031374
0.033825 0.031141
0.033857 0.031168
0.033866 0.031342
0.033906 0.031446
0.033867 0.031598
0.033782 0.031489
0.033713 0.031692
0.033641 0.031787
0.033847 0.031240
0.033613 0.031849
0.033731 0.031297
0.033658 0.031598
0.033651 0.030824
0.033557 0.030890
0.033617 0.031704
0.033627 0.030991
0.034035 0.031109
0.034051 0.031261
0.033844 0.031279
0.033915 0.031497
0.033890 0.031713
0.033695 0.031657
0.033775 0.031273
0.033867 0.031162
0.033819 0.031024
0.033839 0.031650
0.034003 0.031047
0.033868 0.031313
0.033842 0.030800
0.033505 0.031368
0.033700 0.031885
0.033522 0.031328
0.033581 0.031378
0.033311 0.031456
0.033532 0.030998
0.033885 0.031350
0.033647 0.031058
0.033485 0.031375
0.033571 0.031527
0.033872 0.031331
0.033860 0.031097
0.033468 0.031623
0.033934 0.030971
0.034217 0.031083
0.034006 0.031102
0.034036 0.031265
0.034051 0.030958
0.034278 0.031301
0.033986 0.031041
0.033926 0.031106
0.033997 0.030984
0.033741 0.031002
0.033942 0.031259
0.033651 0.031037
0.033906 0.031066
0.033682 0.031054
0.033614 0.031028
0.033743 0.031246
0.033404 0.031278
0.033816 0.031417
0.033715 0.031180
0.033619 0.031345
0.033701 0.031351
0.033713 0.031636
0.033570 0.031700
0.033818 0.031249
0.033995 0.031248
0.034134 0.031026
0.034137 0.030909
0.034056 0.030843
0.034235 0.031458
0.033698 0.031419
0.033593 0.030598
0.034096 0.030646
0.033926 0.030397
0.033809 0.030326
0.033926 0.030663
0.034092 0.030544
0.034027 0.030088
0.034026 0.030463
0.033838 0.030931
0.033846 0.030715
0.033965 0.030654
0.033642 0.030382
0.033986 0.030602
0.034283 0.030347
0.033897 0.030443
0.033867 0.030749
0.033823 0.031073
0.033884 0.030839
0.033872 0.030525
0.033915 0.030398
0.033833 0.030458
0.033856 0.030765
0.033798 0.030802
0.033727 0.031061
0.033702 0.030502
0.033692 0.030656
0.033843 0.030915
0.033623 0.030564
0.033838 0.030671
0.033690 0.030452
0.033454 0.030486
0.033543 0.030852
0.033537 0.030657
0.033499 0.030664
0.033505 0.030808
0.033640 0.030824
0.033870 0.030743
0.033740 0.030650
0.033432 0.030894
0.033544 0.030814
0.033812 0.030727
0.033610 0.030837
0.033685 0.030865
0.033660 0.030646
0.033765 0.030529
0.033320 0.030973
0.033339 0.030913
0.033707 0.030608
0.033580 0.031080
0.033607 0.030686
0.033811 0.030977
0.033820 0.030830
0.034034 0.030643
0.033835 0.030793
0.033678 0.030926
0.033803 0.030859
0.033594 0.030553
0.033443 0.030948
0.033635 0.030457
0.033918 0.031024
0.033697 0.030717
0.033773 0.030795
0.033636 0.031065
0.033559 0.030781
0.033782 0.030870
0.033787 0.030939
0.033666 0.030967
0.033872 0.030727
0.033729 0.030561
0.033557 0.031023
0.033659 0.030952
0.033840 0.031044
0.033597 0.031086
0.033499 0.031092
0.033782 0.031452
0.033661 0.031104
0.033463 0.031274
0.033657 0.031029
0.033706 0.031077
0.033799 0.030630
0.033725 0.031150
0.033679 0.031063
0.033838 0.030800
0.033723 0.030946
0.033735 0.031132
0.033928 0.031067
0.033949 0.031007
0.034015 0.031538
0.033681 0.031090
0.033764 0.031127
0.033875 0.031082
0.033785 0.031298
0.033611 0.030739
0.033772 0.031109
0.033795 0.030979
0.033663 0.031110
0.033747 0.030941
0.033964 0.030923
0.033935 0.031175
0.033736 0.031046
0.033722 0.031031
0.033907 0.031097
0.033977 0.031184
0.033912 0.030942
0.033617 0.030916
0.033792 0.031159
0.033724 0.031000
0.033651 0.031170
0.033718 0.031001
0.034145 0.030784
0.033860 0.031097
0.034044 0.031410
0.034046 0.031030
0.034194 0.030973
0.034201 0.031209
0.033984 0.031059
0.033601 0.031121
0.033830 0.031250
0.033861 0.031148
0.033964 0.031123
0.034098 0.031216
0.034091 0.031460
0.033754 0.030951
0.033656 0.031147
0.033545 0.031419
0.033617 0.031444
0.033596 0.031260
0.033662 0.031521
0.033572 0.031461
0.033579 0.031382
0.033650 0.031377
0.033863 0.031448
0.033406 0.031295
0.033645 0.031329
0.033806 0.031249
0.033579 0.031417
0.033639 0.031353
0.033616 0.031359
0.033521 0.030895
0.033729 0.030703
0.033561 0.031303
0.033616 0.031298
0.033281 0.031399
0.033638 0.031473
0.033584 0.031390
0.033672 0.031270
0.033819 0.031397
0.033779 0.031483
0.033578 0.031466
0.033571 0.031173
0.033897 0.031510
0.033656 0.031381
0.033682 0.031198
0.033712 0.031328
0.033663 0.031722
0.033625 0.031390
0.033634 0.031623
0.033567 0.031702
0.034093 0.031643
0.033836 0.031775
0.033974 0.031282
0.033811 0.031836
0.033779 0.031156
0.033337 0.030750
0.033558 0.030650
0.033565 0.031010
0.033759 0.031718
0.033553 0.031743
0.033566 0.031274
0.034020 0.031876
0.033690 0.031440
0.033935 0.031511
0.034083 0.031042
0.033674 0.031245
0.033852 0.031416
0.033642 0.031663
0.033810 0.031298
0.033743 0.030776
0.033781 0.031712
0.033808 0.031128
0.033589 0.031279
0.033558 0.031125
0.033591 0.031345
0.033578 0.031467
0.033601 0.031231
0.033839 0.031643
0.033707 0.031245
0.033651 0.031569
0.033744 0.031790
0.033645 0.031494
0.033746 0.031148
0.033697 0.031406
0.033805 0.031710
0.033707 0.031143
0.033977 0.031363
0.033867 0.031571
0.033853 0.030707
0.033668 0.030817
0.033857 0.031363
0.033589 0.031535
0.033912 0.031233
0.033561 0.030721
0.033540 0.031078
0.033736 0.030634
0.033560 0.031351
0.034199 0.031419
0.034033 0.030610
0.034049 0.030983
0.034007 0.030981
0.033760 0.030529
0.034053 0.031171
0.034036 0.030927
0.034078 0.031193
0.033964 0.030924
0.033804 0.031238
0.033600 0.031385
0.033607 0.031148
0.033767 0.030808
0.033669 0.031187
0.033628 0.030999
0.033434 0.031270
0.033918 0.031322
0.033790 0.031180
0.033581 0.031287
0.033492 0.031100
0.033838 0.031333
0.033612 0.031286
0.033687 0.031094
0.033557 0.031542
0.033548 0.030612
0.033593 0.031082
0.033617 0.030571
0.033464 0.031237
0.033637 0.030962
0.033682 0.031241
0.033342 0.030975
0.033517 0.030715
0.033911 0.030893
0.033331 0.031016
0.033483 0.031178
0.033630 0.031118
0.033551 0.031272
0.033574 0.031027
0.033337 0.031317
0.033573 0.031444
0.033443 0.031326
0.033669 0.031678
0.033366 0.030934
0.033562 0.031332
0.033492 0.031115
0.033727 0.031622
0.033517 0.031368
0.033632 0.031114
0.033492 0.031553
0.033645 0.031326
0.033574 0.031556
0.033492 0.031637
0.033985 0.031148
0.033847 0.031172
0.033647 0.031388
0.033506 0.031643
0.033545 0.031636
0.033714 0.031536
0.033298 0.031423
0.033431 0.031328
0.033428 0.031402
0.033383 0.031120
0.033467 0.031067
0.033567 0.031248
0.033381 0.031227
0.033522 0.031301
0.033772 0.031147
0.033564 0.031165
0.033611 0.031357
0.033425 0.031134
0.033607 0.031158
0.033749 0.030905
0.033564 0.031344
0.033544 0.031342
0.033557 0.031554
0.033764 0.031287
0.033712 0.031581
0.033572 0.031385
0.033717 0.031800
0.033797 0.031746
0.033647 0.031590
0.033696 0.031357
0.033988 0.031880
0.033449 0.031315
0.033488 0.031489
0.033888 0.031311
0.033770 0.031371
0.033697 0.031242
0.033781 0.031246
0.033570 0.031256
0.033788 0.031259
0.033874 0.031192
0.033492 0.031284
0.033437 0.031314
0.033715 0.031350
0.033653 0.031385
0.033434 0.031262
0.033415 0.031508
0.033981 0.031188
0.034082 0.031549
0.034134 0.031701
0.034170 0.031700
0.034198 0.031470
0.034075 0.031378
0.033808 0.031000
0.033512 0.031260
0.033652 0.031508
0.033605 0.031697
0.033435 0.031533
0.033525 0.031657
0.033513 0.031517
0.033603 0.031772
0.033489 0.031716
0.033422 0.031994
0.033725 0.031856
0.033189 0.031444
0.033075 0.031293
0.033116 0.031427
0.032973 0.031354
0.032956 0.031624
0.033150 0.031482
0.033068 0.031000
0.033066 0.030974
0.032997 0.031723
0.033001 0.031370
0.032874 0.031305
0.032974 0.031091
0.033176 0.031443
0.033319 0.031293
0.033046 0.031341
0.033141 0.031121
0.033101 0.031279
0.033167 0.031212
0.033202 0.031283
0.033093 0.031590
0.032980 0.031342
0.033059 0.031485
0.033143 0.031369
0.033381 0.031450
0.033259 0.031106
0.033397 0.031426
0.033126 0.031496
0.033381 0.031662
0.033356 0.031639
0.033447 0.031458
0.033439 0.031560
0.033477 0.031348
0.033247 0.031526
0.033386 0.031311
0.033323 0.031702
0.033419 0.031731
0.033231 0.031609
0.033308 0.031672
0.033320 0.031763
0.033348 0.031329
0.033500 0.031487
0.033366 0.031223
0.033482 0.031569
0.033389 0.031532
0.033227 0.032066
0.033377 0.031224
0.033249 0.032136
0.033594 0.031517
0.033498 0.031587
0.033463 0.031763
0.033452 0.031783
0.033750 0.031636
0.033854 0.030828
0.033902 0.032002
0.033808 0.031596
0.033850 0.031207
0.033772 0.031322
0.033644 0.031108
0.033628 0.031109
0.033856 0.030883
0.033469 0.030940
0.033246 0.030986
0.033298 0.031338
0.033813 0.030866
0.033326 0.030945
0.033443 0.030499
0.033646 0.031115
0.033621 0.030967
0.033520 0.031370
0.033374 0.030715
0.033485 0.030627
0.033626 0.030967
0.033367 0.031186
0.033295 0.030926
0.033490 0.031150
0.033400 0.031203
0.033442 0.030885
0.033451 0.030973
0.033183 0.030884
0.033303 0.030903
0.033471 0.030648
0.033684 0.030955
0.033515 0.031011
0.033627 0.031052
0.033449 0.030909
0.033666 0.030976
0.033496 0.030962
0.033347 0.031126
0.033565 0.030894
0.033600 0.031105
0.033468 0.030982
0.033533 0.031291
0.033557 0.031016
0.033644 0.031250
0.033319 0.031185
0.033749 0.031072
0.033590 0.031299
0.033952 0.031097
0.033606 0.031207
0.033784 0.031137
0.033833 0.031144
0.033798 0.031248
0.033871 0.031151
0.033636 0.031680
0.033671 0.031243
0.033662 0.030960
0.033690 0.030940
0.033690 0.030967
0.033669 0.031189
0.033738 0.031304
0.033580 0.031060
0.033587 0.031162
0.033392 0.030927
0.033429 0.030787
0.033243 0.031065
0.033240 0.030842
0.033300 0.030870
0.033650 0.030830
0.033420 0.030990
0.033309 0.031488
0.033719 0.031652
0.033479 0.031077
0.033571 0.031312
0.033854 0.031473
0.033834 0.031451
0.033810 0.031668
0.033748 0.031654
0.033808 0.030867
0.033837 0.031653
0.033666 0.031301
0.033610 0.031113
0.033604 0.031146
0.033503 0.031113
0.033699 0.031318
0.033561 0.030930
0.033849 0.030642
0.033989 0.030802
0.033861 0.030638
0.033523 0.030894
0.033300 0.031150
0.033633 0.030745
0.034017 0.030794
0.033753 0.030658
0.033719 0.030340
0.033820 0.030944
0.033654 0.031398
0.033625 0.030623
0.033508 0.030881
0.033570 0.030991
0.033989 0.030849
0.033769 0.030916
0.034034 0.030553
0.034188 0.031378
0.033815 0.031348
0.033835 0.030968
0.033951 0.031101
0.033649 0.031073
0.033914 0.030790
0.033643 0.030939
0.033966 0.031105
0.033710 0.030694
0.033673 0.030865
0.033867 0.031029
0.034035 0.031208
0.033986 0.031737
0.033894 0.031187
0.033692 0.030876
0.033830 0.030587
0.033834 0.030577
0.033846 0.031025
0.033567 0.030844
0.033359 0.030961
0.033511 0.030632
0.033700 0.031215
0.033330 0.030798
0.033827 0.031353
0.033396 0.030751
0.033581 0.031311
0.033306 0.031011
0.033243 0.031021
0.033438 0.030700
0.033282 0.030257
0.033312 0.030471
0.033520 0.030744
0.033485 0.030802
0.033599 0.031363
0.033390 0.030982
0.033279 0.030786
0.033274 0.031277
0.033248 0.030902
0.033183 0.030520
0.033622 0.030822
0.033270 0.030856
0.033238 0.031462
0.033182 0.031175
0.033387 0.030477
0.033519 0.030504
0.033444 0.031004
0.033258 0.030511
0.033220 0.031085
0.033150 0.030956
0.033438 0.030928
0.033491 0.031211
0.033597 0.031430
0.033394 0.030940
0.033173 0.031473
0.033266 0.031184
0.033189 0.031666
0.033232 0.031386
0.033734 0.030720
0.033805 0.030740
0.033279 0.031221
0.033491 0.031242
0.033597 0.030815
0.033391 0.030665
0.033410 0.031095
0.033401 0.030852
0.033226 0.030840
0.033423 0.030695
0.033450 0.030723
0.033624 0.030798
0.033746 0.030930
0.033518 0.030894
0.033544 0.030846
0.033827 0.030961
0.033427 0.031301
0.033419 0.031339
0.033924 0.031929
0.033756 0.031537
0.033755 0.031184
0.033563 0.031267
0.033750 0.030920
0.033717 0.030732
0.033660 0.030413
0.033916 0.031047
0.033677 0.031006
0.033726 0.031484
0.033764 0.031313
0.033647 0.031582
0.033629 0.031064
0.033710 0.031538
0.033633 0.031165
0.033476 0.030630
0.033612 0.030656
0.033411 0.030918
0.033530 0.030711
0.033440 0.030897
0.033546 0.030972
0.033286 0.031275
0.033493 0.031386
0.033669 0.031657
0.033415 0.031044
0.033446 0.031343
0.033712 0.030915
0.033770 0.031181
0.033747 0.030823
0.033897 0.031005
0.034033 0.031196
0.033745 0.030754
0.033754 0.030924
0.033866 0.031256
0.033582 0.031191
0.033730 0.030964
0.033966 0.030962
0.033923 0.031043
0.033767 0.031399
0.033957 0.031154
0.033960 0.030578
0.033902 0.031130
0.033784 0.031287
0.033862 0.031111
0.033944 0.031125
0.034076 0.031551
0.033978 0.031581
0.033745 0.031000
0.033794 0.031785
0.033694 0.031763
0.033556 0.031404
0.033533 0.031616
0.033631 0.031151
0.033498 0.031352
0.033436 0.031674
0.033414 0.031080
0.033545 0.031723
0.033639 0.031641
0.033559 0.031272
0.033700 0.031396
0.033707 0.031425
0.033391 0.031192
0.033382 0.031394
0.033285 0.031117
0.033398 0.031337
0.033265 0.031531
0.033246 0.031221
0.033173 0.031560
0.033184 0.031759
0.033385 0.031283
0.033321 0.031030
0.033347 0.031229
0.033147 0.031126
0.033448 0.030930
0.033208 0.031199
0.033076 0.031134
0.033504 0.031271
0.033278 0.031320
0.032972 0.031660
0.032950 0.031162
0.033082 0.031574
0.033294 0.031869
0.032972 0.030885
0.033302 0.030908
0.033332 0.030976
0.033226 0.031238
0.033197 0.031335
0.033157 0.030879
0.033225 0.031464
0.033270 0.031290
0.033352 0.031132
0.033053 0.030757
0.033025 0.030758
0.033270 0.031029
0.033290 0.031084
0.032970 0.030695
0.033197 0.031157
0.033319 0.031385
0.033436 0.030623
0.033180 0.031362
0.033315 0.031069
0.033379 0.030955
0.033218 0.031064
0.033116 0.030730
0.033070 0.031023
0.033176 0.030955
0.033264 0.031043
0.033251 0.030957
0.033201 0.030685
0.033088 0.030870
0.033315 0.030804
0.033194 0.030800
0.032983 0.030663
0.033102 0.030579
0.033019 0.030570
0.033084 0.030808
0.033099 0.031004
0.033043 0.030793
0.033189 0.030910
0.033057 0.030978
0.033238 0.031086
0.032983 0.031107
0.033154 0.030765
0.033379 0.031219
0.033236 0.030919
0.033291 0.031522
0.033427 0.031229
0.033432 0.031489
0.033394 0.031287
0.033490 0.031269
0.033151 0.031302
0.033411 0.031404
0.033303 0.030899
0.033351 0.031314
0.033180 0.031177
0.033274 0.030990
0.033293 0.030948
0.033242 0.031198
0.033524 0.031285
0.033445 0.030696
0.033175 0.031476
0.033487 0.030921
0.033362 0.030940
0.033573 0.030774
0.033489 0.031345
0.033466 0.030770
0.033866 0.031000
0.033543 0.030894
0.033651 0.031192
0.033827 0.031343
0.033693 0.031256
0.033594 0.031058
0.033798 0.031605
0.033892 0.031725
0.033757 0.031782
0.033806 0.031801
0.033681 0.031408
0.034054 0.031377
0.033924 0.031139
0.034065 0.031592
0.033972 0.031594
0.033899 0.031764
0.033891 0.031940
0.033817 0.031893
0.033647 0.031797
0.033836 0.032144
0.033532 0.032093
0.033792 0.031892
0.033867 0.031584
0.033779 0.031146
0.033476 0.031526
0.033589 0.031602
0.033563 0.031645
0.033749 0.031590
0.033794 0.031539
0.033855 0.031675
0.033485 0.031875
0.033722 0.032084
0.033381 0.031918
0.033515 0.031886
0.033437 0.031480
0.033620 0.031761
0.033516 0.031708
0.033628 0.031697
0.033774 0.031834
0.033642 0.031798
0.033745 0.032058
0.033470 0.032117
0.033572 0.031200
0.033215 0.031302
0.033237 0.031530
0.033564 0.031709
0.033594 0.031693
0.033706 0.031533
0.033868 0.031185
0.033743 0.030884
0.033729 0.031277
0.033613 0.031391
0.033551 0.031031
0.033497 0.030893
0.033632 0.031631
0.033516 0.031615
0.033501 0.031532
0.033670 0.031435
0.033456 0.031495
0.033344 0.031331
0.033664 0.031537
0.033788 0.031333
0.033678 0.031361
0.033793 0.031427
0.033960 0.030910
0.033902 0.031480
0.033989 0.031593
0.033799 0.031117
0.033847 0.031394
0.033713 0.031148
0.033652 0.031108
0.034086 0.030957
0.033936 0.031016
0.034067 0.030972
0.034036 0.030801
0.033936 0.031550
0.033859 0.031174
0.033671 0.031836
0.033731 0.031669
0.033797 0.031919
0.033655 0.031806
0.033509 0.031720
0.033698 0.031766
0.033608 0.031234
0.033535 0.031163
0.033308 0.031161
0.033393 0.030712
0.033313 0.031151
0.033264 0.031120
0.033272 0.031550
0.033335 0.031722
0.033396 0.031422
0.033588 0.031107
0.033547 0.031473
0.033663 0.031186
0.033502 0.031388
0.033838 0.030577
0.033598 0.030953
0.033777 0.031096
0.033759 0.030797
0.033875 0.030709
0.033630 0.030932
0.033870 0.030785
0.034126 0.030883
0.033826 0.030913
0.033954 0.030881
0.033923 0.030702
0.033974 0.030975
0.033847 0.030856
0.034315 0.031518
0.034200 0.031167
0.033811 0.031339
0.033882 0.031407
0.033925 0.031382
0.034224 0.030803
0.034118 0.030866
0.033961 0.030809
0.033778 0.031096
0.034066 0.030867
0.033981 0.031177
0.033864 0.030636
0.033823 0.031368
0.034095 0.030965
0.034258 0.030709
0.034278 0.030746
0.034045 0.030906
0.033981 0.030808
0.033900 0.031386
0.034089 0.031084
0.034144 0.031012
0.033570 0.031113
0.033446 0.031482
0.033831 0.031429
0.033660 0.031410
0.033636 0.031698
0.033659 0.031428
0.033666 0.031616
0.033596 0.031426
0.033643 0.031220
0.033293 0.030998
0.033499 0.031308
0.033560 0.031538
0.033684 0.030990
0.033436 0.031595
0.033364 0.031728
0.033463 0.031067
0.033704 0.031484
0.033677 0.031159
0.033490 0.031351
0.033597 0.031005
0.033566 0.030869
0.033793 0.031354
0.033512 0.031594
0.033632 0.031471
0.033733 0.031325
0.033498 0.031595
0.033702 0.030689
0.033455 0.031217
0.033629 0.030989
0.033277 0.031408
0.033245 0.031332
0.033533 0.030772
0.033510 0.030954
0.033239 0.031117
0.033510 0.031190
0.033634 0.030595
0.033571 0.030742
0.033387 0.030731
0.033520 0.030711
0.033581 0.030856
0.033532 0.030824
0.033553 0.030910
0.033406 0.031112
0.033564 0.030932
0.033462 0.031053
0.033482 0.030615
0.033647 0.031332
0.033590 0.030535
0.033544 0.030386
0.033496 0.030466
0.033465 0.030760
0.033335 0.030657
0.033764 0.030783
0.033675 0.030789
0.033674 0.031019
0.033695 0.030661
0.033661 0.030723
0.033428 0.030859
0.033412 0.031058
0.033664 0.031249
0.033672 0.030836
0.033287 0.031120
0.033614 0.031432
0.033648 0.031118
0.033713 0.031478
0.033637 0.031263
0.033400 0.031323
0.033507 0.031319
0.033725 0.031183
0.033646 0.031056
0.033529 0.031257
0.033345 0.031124
0.033316 0.031021
0.033514 0.031300
0.033571 0.031253
0.033778 0.031131
0.033183 0.031179
0.033487 0.030836
0.033580 0.030610
0.033441 0.031677
0.033639 0.031572
0.033774 0.030727
0.033432 0.030846
0.033677 0.030626
0.033576 0.030722
0.033922 0.030571
0.033692 0.030653
0.033855 0.031811
0.033711 0.031853
0.033641 0.031832
0.033627 0.031567
0.033532 0.031557
0.033832 0.031334
0.033661 0.030853
0.033572 0.031712
0.033795 0.031158
0.033559 0.030668
0.033519 0.030559
0.033759 0.030732
0.033560 0.030682
0.033229 0.030596
0.033150 0.030903
0.033333 0.030663
0.033313 0.030452
0.033332 0.030952
0.033481 0.031047
0.033531 0.030740
0.033527 0.030891
0.033674 0.031100
0.033641 0.030802
0.033646 0.030823
0.033735 0.030568
0.033746 0.030628
0.033742 0.030388
0.033707 0.030568
0.033670 0.030199
0.033667 0.030449
0.033440 0.030555
0.033557 0.030249
0.033424 0.030308
0.033515 0.030313
0.033466 0.030221
0.033558 0.030480
0.033464 0.030126
0.033553 0.030117
0.033369 0.030255
0.033510 0.030238
0.033594 0.030588
0.033596 0.030549
0.033625 0.030803
0.033509 0.030122
0.033483 0.030500
0.033420 0.030331
0.033467 0.030311
0.033583 0.030668
0.033663 0.030936
0.033636 0.030354
0.033620 0.030534
0.033528 0.030366
0.033634 0.030434
0.033761 0.029980
0.033733 0.030347
0.033611 0.030093
0.033768 0.030372
0.033791 0.030260
0.033685 0.030471
0.033748 0.030688
0.033438 0.030728
0.033563 0.030571
0.033742 0.030889
0.033703 0.030447
0.033714 0.030673
0.033583 0.030864
0.033963 0.030652
0.033775 0.030721
0.033771 0.030242
0.033639 0.029947
0.033312 0.030515
0.033512 0.030675
0.033466 0.030678
0.033405 0.030668
0.033626 0.030591
0.033660 0.030295
0.033786 0.030867
0.033712 0.030638
0.033634 0.031251
0.033562 0.031151
0.033552 0.030910
0.033641 0.030973
0.033830 0.030955
0.033892 0.031297
0.033670 0.030848
0.033735 0.031359
0.033942 0.031371
0.033524 0.030894
0.033702 0.031041
0.033741 0.031028
0.033885 0.031115
0.034141 0.031429
0.033825 0.031215
0.033587 0.030983
0.033918 0.031292
0.033838 0.031150
0.033526 0.031316
0.033816 0.031158
0.033719 0.030876
0.033555 0.030777
0.033722 0.030952
0.034093 0.031049
0.033650 0.031362
0.033772 0.030599
0.033624 0.031359
0.033487 0.030948
0.033275 0.030912
0.033442 0.031127
0.033593 0.031031
0.033784 0.031422
0.033712 0.030874
0.033615 0.030784
0.033869 0.031024
0.034046 0.031367
0.033920 0.031435
0.033866 0.031043
0.033650 0.031085
0.033602 0.030665
0.033672 0.031316
0.033641 0.031286
0.033481 0.031264
0.033614 0.030963
0.033725 0.030679
0.033574 0.030828
0.033560 0.031028
0.033798 0.031668
0.033786 0.031262
0.033730 0.030807
0.033702 0.030969
0.033866 0.030732
0.033930 0.030997
0.034052 0.031145
0.033704 0.031374
0.034271 0.031310
0.034006 0.031483
0.033939 0.031056
0.034013 0.031055
0.033915 0.031135
0.033962 0.031117
0.033853 0.031185
0.033907 0.031599
0.033741 0.031788
0.033358 0.031825
0.033508 0.031895
0.033598 0.031719
0.033546 0.031597
0.033699 0.031819
0.033876 0.031473
0.033791 0.030883
0.033694 0.031224
0.033456 0.031086
0.033850 0.031193
0.033448 0.031367
0.033715 0.031111
0.033932 0.031188
0.033593 0.031318
0.033462 0.031691
0.033647 0.031593
0.033898 0.031540
0.033762 0.031433
0.033790 0.031699
0.033797 0.031768
0.033837 0.031644
0.033965 0.031731
0.034010 0.031572
0.034065 0.031636
0.034002 0.031745
0.033789 0.031625
0.033979 0.031757
0.033901 0.031334
0.033826 0.031989
0.033695 0.031643
0.033932 0.031566
0.034074 0.031372
0.033939 0.031396
0.034060 0.031219
0.034198 0.031487
0.033842 0.031227
0.033923 0.030834
0.034002 0.031411
0.034079 0.031468
0.033916 0.031539
0.033856 0.031594
0.033849 0.031326
0.033757 0.031265
0.033764 0.031447
0.033822 0.031436
0.033635 0.031876
0.033563 0.031602
0.034055 0.031814
0.033964 0.031390
0.033852 0.031276
0.033976 0.031825
0.034108 0.031914
0.034072 0.032098
0.034021 0.031643
0.033592 0.031379
0.033632 0.031284
