0.033349 0.032336
0.033690 0.032701
0.033819 0.032271
0.034023 0.032462
0.033753 0.032237
0.033617 0.032333
0.033712 0.031869
0.033516 0.032922
0.033709 0.032458
0.034099 0.032440
0.033809 0.031909
0.033784 0.032010
0.033867 0.031830
0.033504 0.031713
0.033427 0.032178
0.033639 0.032686
0.033930 0.033044
0.034400 0.033138
0.033577 0.032689
0.033312 0.033082
0.034985 0.032730
0.034026 0.032521
0.034134 0.032898
0.034412 0.033133
0.033644 0.032886
0.034406 0.033156
0.034130 0.033035
0.033672 0.031406
0.034187 0.032205
0.034156 0.033120
0.033659 0.032737
0.033908 0.032674
0.033877 0.032938
0.033542 0.032915
0.034702 0.032824
0.033363 0.032750
0.034042 0.032769
0.034071 0.031916
0.033810 0.031865
0.033891 0.032429
0.034202 0.032500
0.034036 0.032327
0.033991 0.032720
0.034023 0.032991
0.034216 0.032669
0.034986 0.032763
0.034175 0.032243
0.034169 0.032382
0.034242 0.032411
0.034172 0.032150
0.034368 0.032242
0.034833 0.032350
0.034268 0.032238
0.033981 0.032967
0.034347 0.032508
0.033853 0.032154
0.033854 0.033509
0.033764 0.030856
0.033778 0.031640
0.033400 0.030740
0.033738 0.031419
0.033708 0.029610
0.033940 0.031714
0.033889 0.030469
0.033898 0.029958
0.033824 0.030024
0.033510 0.032012
0.033797 0.033207
0.033760 0.031820
0.033875 0.030777
0.033890 0.030240
0.033873 0.030405
0.033851 0.031958
0.033799 0.031348
0.033726 0.030133
0.033747 0.029800
0.034301 0.032370
0.034031 0.032471
0.034200 0.032270
0.034087 0.033264
0.034140 0.032737
0.034613 0.033157
0.033781 0.033289
0.034056 0.032084
0.034718 0.032520
0.033993 0.032438
0.033914 0.033125
0.034420 0.032427
0.033484 0.030094
0.033828 0.032432
0.033849 0.032035
0.034108 0.032312
0.034025 0.033264
0.034395 0.033285
0.034036 0.032522
0.034446 0.032806
0.033997 0.032251
0.033937 0.032007
0.034033 0.030782
0.033948 0.031535
0.033876 0.031780
0.034201 0.031524
0.034174 0.030541
0.033762 0.030569
0.033696 0.029803
0.033382 0.030528
0.033271 0.032022
0.034395 0.032199
0.033826 0.032138
0.033589 0.030242
0.033699 0.029611
0.033349 0.030800
0.033341 0.031499
0.033875 0.031783
0.034318 0.031743
0.034160 0.030681
0.034489 0.030880
0.033547 0.032464
0.033804 0.032644
0.033821 0.032450
0.034216 0.032523
0.033948 0.032396
0.034046 0.032190
0.033689 0.032449
0.033627 0.032588
0.033996 0.032115
0.034935 0.032877
0.033547 0.031404
0.033967 0.031801
0.033728 0.032481
0.033862 0.032302
0.034843 0.032398
0.033941 0.031947
0.034093 0.032514
0.034209 0.032635
0.034213 0.032329
0.034066 0.032080
0.033493 0.030442
0.033691 0.030478
0.033279 0.032115
0.033968 0.032265
0.033870 0.032479
0.034742 0.033203
0.034594 0.032937
0.034304 0.032275
0.034287 0.032694
0.034173 0.032557
0.033686 0.031958
0.033565 0.032020
0.034595 0.032948
0.034313 0.032571
0.034375 0.032994
0.034172 0.032504
0.033426 0.031984
0.033443 0.032066
0.034134 0.032235
0.034706 0.032713
0.033608 0.031997
0.033491 0.031789
0.033247 0.032058
0.033337 0.031821
0.033893 0.032318
0.033862 0.032152
0.033714 0.031798
0.033924 0.032313
0.034356 0.032303
0.034111 0.032248
0.033512 0.032399
0.033436 0.031664
0.033550 0.031980
0.033867 0.032109
0.034241 0.032357
0.034332 0.032168
0.033449 0.032071
0.033563 0.032035
0.034075 0.032563
0.034147 0.032527
0.034635 0.032743
0.034506 0.032692
0.033958 0.032259
0.033453 0.033238
0.033413 0.032013
0.033772 0.032314
0.034058 0.032526
0.034535 0.033254
0.033817 0.032674
0.034280 0.032759
0.034069 0.032583
0.033925 0.032693
0.033865 0.032349
0.034428 0.033076
0.034084 0.032657
0.034344 0.032937
0.033582 0.032576
0.033603 0.033369
0.033518 0.032028
0.033764 0.032360
0.034250 0.032032
0.034206 0.032387
0.034012 0.032553
0.034152 0.032309
0.033718 0.032038
0.033471 0.032008
0.033608 0.032208
0.033911 0.032222
0.034239 0.032431
0.033677 0.031944
0.034182 0.031827
0.034008 0.032773
0.033759 0.032275
0.033823 0.032203
0.033642 0.032321
0.033656 0.031924
0.033686 0.032460
0.033633 0.032758
0.033635 0.031971
0.033831 0.032636
0.033596 0.032642
0.033433 0.032508
0.033931 0.032137
0.033843 0.032486
0.032995 0.032202
0.033760 0.032495
0.033854 0.032805
0.033617 0.032710
0.034390 0.032977
0.033573 0.031937
0.033880 0.032586
0.033861 0.032399
0.033605 0.032687
0.033636 0.032506
0.034437 0.033076
0.033483 0.032439
0.033472 0.032400
0.033904 0.032629
0.032908 0.032580
0.033560 0.032304
0.033594 0.032152
0.033756 0.032297
0.033713 0.032617
0.033663 0.032758
0.034383 0.032742
0.034109 0.032365
0.034484 0.033005
0.034766 0.032776
0.034099 0.032608
0.034162 0.032161
0.034036 0.032643
0.034240 0.032266
0.033804 0.031942
0.034699 0.032550
0.034476 0.032287
0.034133 0.032136
0.033907 0.032547
0.033825 0.032501
0.034301 0.031791
0.034187 0.032096
0.033698 0.029736
0.033344 0.031480
0.034128 0.029892
0.034325 0.031201
0.033445 0.030642
0.034070 0.030389
0.033525 0.029311
0.033234 0.031746
0.033756 0.030735
0.034171 0.030604
0.033937 0.031836
0.033902 0.033179
0.033715 0.029650
0.033280 0.031166
0.033622 0.029976
0.034036 0.030032
0.033976 0.029811
0.034423 0.031565
0.034199 0.031279
0.034305 0.032387
0.034323 0.032737
0.034631 0.032874
0.034220 0.032721
0.034087 0.032769
0.033848 0.033196
0.034063 0.032290
0.034253 0.032383
0.034146 0.032654
0.034487 0.032515
0.034473 0.032658
0.034059 0.030651
0.033194 0.030756
0.034316 0.032083
0.034024 0.032577
0.034464 0.032132
0.034702 0.032582
0.034039 0.032501
0.034176 0.032879
0.034032 0.033552
0.034047 0.032191
0.034228 0.030418
0.034001 0.031573
0.033999 0.031357
0.033890 0.031941
0.033877 0.031231
0.033932 0.031790
0.033722 0.029807
0.033358 0.032021
0.033329 0.029790
0.034430 0.029678
0.033637 0.030684
0.033935 0.032315
0.033900 0.029636
0.033035 0.032203
0.033230 0.029393
0.034058 0.029521
0.034160 0.030021
0.033467 0.030681
0.032932 0.029798
0.034166 0.030828
0.034165 0.032125
0.033840 0.031942
0.033812 0.032508
0.033832 0.032549
0.033853 0.032345
0.034378 0.032654
0.034239 0.031400
0.034479 0.032879
0.034477 0.032830
0.034530 0.032388
0.034507 0.030039
0.034550 0.031437
0.034376 0.032128
0.034525 0.032862
0.034552 0.032753
0.034223 0.032223
0.033884 0.032780
0.034049 0.032559
0.033968 0.032770
0.034427 0.032599
0.033895 0.030744
0.033448 0.031999
0.033684 0.032630
0.033215 0.032000
0.033860 0.032108
0.033736 0.031380
0.034001 0.032976
0.033475 0.032385
0.034319 0.032826
0.033745 0.031350
0.033489 0.032978
0.033767 0.033210
0.033599 0.032425
0.033131 0.032456
0.034225 0.032783
0.033814 0.032168
0.033393 0.032886
0.032943 0.032011
0.033927 0.032156
0.033477 0.031575
0.033288 0.031868
0.033675 0.032205
0.033682 0.032736
0.034093 0.032621
0.033719 0.032123
0.033309 0.032077
0.033782 0.031875
0.033371 0.032186
0.033415 0.032148
0.033463 0.031993
0.033643 0.032080
0.033610 0.032115
0.033547 0.032364
0.033322 0.032376
0.033357 0.032360
0.033560 0.032149
0.033530 0.032667
0.033703 0.032750
0.033661 0.032265
0.033464 0.032189
0.034255 0.032953
0.033692 0.032514
0.033429 0.032549
0.033008 0.032272
0.033204 0.032312
0.032595 0.032548
0.033163 0.031425
0.034396 0.032850
0.032834 0.032326
0.033183 0.032825
0.033649 0.032462
0.033453 0.032003
0.033884 0.032200
0.034252 0.032740
0.033209 0.032458
0.033408 0.032605
0.033673 0.032499
0.033336 0.032292
0.033807 0.032394
0.032966 0.032440
0.033635 0.032155
0.033677 0.032502
0.033651 0.032392
0.033687 0.031924
0.033872 0.032026
0.033640 0.032361
0.033787 0.031930
0.034152 0.031364
0.034004 0.032735
0.033939 0.032639
0.034090 0.032629
0.033678 0.032340
0.033766 0.031961
0.033444 0.032122
0.033520 0.032734
0.033830 0.032746
0.033524 0.032268
0.033601 0.031881
0.033965 0.032092
0.033608 0.032051
0.033416 0.032160
0.034066 0.031294
0.034598 0.032973
0.033725 0.031305
0.033947 0.033232
0.033917 0.031788
0.034053 0.032110
0.033745 0.031451
0.033948 0.032822
0.032905 0.032192
0.033632 0.032037
0.033510 0.032033
0.033768 0.032033
0.033545 0.031282
0.033694 0.031582
0.033852 0.032048
0.034255 0.032814
0.033805 0.031970
0.033893 0.033050
0.033822 0.032565
0.033570 0.032120
0.033154 0.031766
0.034538 0.032738
0.034415 0.032193
0.034488 0.032170
0.034058 0.032408
0.034136 0.032547
0.034404 0.032915
0.033890 0.032612
0.033789 0.032145
0.033676 0.029859
0.034235 0.030060
0.033967 0.032630
0.034055 0.031780
0.033865 0.032778
0.033996 0.032394
0.034521 0.032750
0.033938 0.031959
0.034257 0.032044
0.034469 0.032635
0.033462 0.030100
0.034171 0.031426
0.033343 0.029639
0.034208 0.029679
0.033943 0.029802
0.033279 0.031781
0.033522 0.031282
0.034012 0.031672
0.034226 0.031669
0.033845 0.031335
0.034023 0.032307
0.034282 0.032179
0.034056 0.031304
0.034195 0.031197
0.034458 0.029846
0.033613 0.030541
0.033401 0.029971
0.034082 0.029509
0.033857 0.029764
0.033546 0.032421
0.034063 0.032682
0.034010 0.032208
0.034476 0.032907
0.034451 0.032130
0.034220 0.032277
0.034508 0.032863
0.033856 0.032660
0.033652 0.032606
0.034046 0.032375
0.034227 0.032641
0.033289 0.031906
0.033725 0.030115
0.033853 0.032344
0.033651 0.032686
0.034042 0.032290
0.033874 0.032009
0.034537 0.032829
0.034235 0.032367
0.034338 0.032245
0.034717 0.032454
0.034867 0.031175
0.034388 0.029743
0.033833 0.030356
0.034152 0.029977
0.034058 0.031434
0.033085 0.031622
0.033307 0.030158
0.033929 0.030692
0.034050 0.029820
0.034525 0.031022
0.034605 0.032494
0.034225 0.032182
0.033484 0.030323
0.034255 0.031303
0.033973 0.029834
0.034316 0.031272
0.033521 0.030081
0.034239 0.030186
0.033685 0.029775
0.033475 0.031297
0.034205 0.032496
0.034347 0.032341
0.034280 0.032295
0.034221 0.031951
0.034457 0.032621
0.034107 0.032140
0.034378 0.032817
0.034291 0.032183
0.033790 0.032522
0.033882 0.032871
0.033393 0.029912
0.034107 0.030116
0.034590 0.032443
0.034233 0.032314
0.033983 0.032376
0.033930 0.032852
0.034304 0.032511
0.034032 0.032334
0.034407 0.032803
0.034623 0.032306
0.033288 0.031496
0.034119 0.031093
0.033972 0.032391
0.033585 0.031925
0.033679 0.032638
0.033662 0.032518
0.033259 0.032312
0.033672 0.032405
0.033730 0.032362
0.034016 0.032756
0.033753 0.032593
0.033468 0.031813
0.032868 0.032552
0.034082 0.032270
0.033579 0.032196
0.033736 0.032517
0.034249 0.032880
0.034071 0.032525
0.033823 0.032750
0.033613 0.032528
0.033458 0.031785
0.033487 0.032346
0.033764 0.032549
0.033482 0.031871
0.033671 0.031981
0.033526 0.031915
0.033536 0.032008
0.033619 0.032595
0.033564 0.032459
0.033518 0.033145
0.034122 0.032817
0.033542 0.031732
0.033559 0.031815
0.033628 0.032526
0.033640 0.032803
0.033459 0.033196
0.033834 0.032158
0.033793 0.031873
0.033865 0.032255
0.033865 0.032368
0.034084 0.032293
0.034259 0.032400
0.033741 0.032736
0.034038 0.032763
0.033487 0.032689
0.033728 0.032497
0.033980 0.032821
0.033307 0.032134
0.034414 0.032444
0.033776 0.032278
0.033737 0.031994
0.033774 0.032129
0.034005 0.032700
0.033920 0.032017
0.033899 0.032441
0.033480 0.032868
0.033755 0.032827
0.033747 0.032575
0.033529 0.032599
0.034186 0.033214
0.033911 0.033189
0.033694 0.032655
0.033644 0.032382
0.033839 0.032627
0.033641 0.031775
0.033572 0.032069
0.034104 0.032326
0.034122 0.032451
0.033593 0.031823
0.033649 0.031952
0.034190 0.032800
0.034297 0.032750
0.034274 0.032652
0.034112 0.032370
0.033425 0.032140
0.033554 0.032072
0.034049 0.032307
0.034074 0.032428
0.033751 0.031974
0.033810 0.031914
0.033997 0.032117
0.034449 0.032531
0.034339 0.032912
0.034216 0.032635
0.034515 0.032854
0.034188 0.032482
0.034618 0.032932
0.034062 0.032560
0.033630 0.032363
0.033659 0.032165
0.034352 0.032430
0.034256 0.032556
0.033794 0.033334
0.034713 0.032866
0.033440 0.032292
0.033754 0.032447
0.034675 0.032903
0.034331 0.032582
0.034618 0.032698
0.034675 0.032618
0.034182 0.032414
0.034440 0.032605
0.035290 0.032460
0.035079 0.032984
0.034357 0.032367
0.034142 0.032509
0.034138 0.032490
0.034171 0.032223
0.033983 0.032364
0.034118 0.032508
0.033629 0.032051
0.033572 0.031946
0.034132 0.032246
0.034307 0.032285
0.034363 0.032346
0.034322 0.032346
0.035113 0.032273
0.035129 0.032529
0.034355 0.030972
0.033766 0.032135
0.033818 0.030362
0.033814 0.030309
0.033652 0.031381
0.033281 0.031728
0.033689 0.030207
0.033756 0.029913
0.033816 0.030298
0.034348 0.030318
0.034005 0.031434
0.034089 0.031328
0.033749 0.031229
0.033584 0.031575
0.033842 0.030657
0.033870 0.030739
0.033908 0.031288
0.034060 0.031705
0.033265 0.031425
0.033394 0.031916
0.033518 0.030517
0.034141 0.031584
0.033986 0.032386
0.033959 0.031845
0.034222 0.032267
0.034240 0.032647
0.034693 0.032920
0.034659 0.032540
0.034376 0.032636
0.034445 0.032340
0.034045 0.032827
0.033944 0.032736
0.034326 0.030081
0.034005 0.031937
0.034365 0.032472
0.034216 0.032306
0.033991 0.031956
0.033724 0.032784
0.034156 0.032299
0.034162 0.031836
0.034770 0.033061
0.034709 0.032288
0.034163 0.032251
0.033419 0.030753
0.033793 0.031271
0.033775 0.031751
0.033787 0.031026
0.033866 0.029938
0.033844 0.029598
0.034075 0.032086
0.033474 0.030718
0.034083 0.030050
0.034610 0.032340
0.033836 0.031104
0.033566 0.029902
0.033943 0.031707
0.033475 0.030707
0.033861 0.031293
0.033908 0.030603
0.033985 0.031561
0.033957 0.030890
0.034096 0.030745
0.033967 0.032335
0.033915 0.033391
0.034078 0.032059
0.034149 0.032349
0.034107 0.032173
0.034284 0.032309
0.034191 0.032040
0.033989 0.032001
0.033988 0.033060
0.034155 0.032188
0.033794 0.030279
0.033453 0.031713
0.033768 0.032270
0.033976 0.033177
0.034011 0.033184
0.034057 0.032525
0.034925 0.032265
0.034072 0.032345
0.034030 0.032646
0.034164 0.032064
0.033540 0.030472
0.034053 0.032274
0.034062 0.032465
0.034115 0.033193
0.034139 0.033162
0.034153 0.032780
0.034277 0.032194
0.034067 0.032611
0.033486 0.032781
0.034667 0.032485
0.033964 0.031997
0.033791 0.032394
0.033186 0.032154
0.033885 0.032756
0.033477 0.033125
0.034725 0.032755
0.034342 0.033281
0.033884 0.033246
0.034107 0.033357
0.033521 0.033041
0.033693 0.032731
0.033798 0.032782
0.033878 0.032322
0.033958 0.032471
0.034072 0.032564
0.033800 0.032127
0.033614 0.032585
0.033782 0.032686
0.033668 0.031552
0.033505 0.032254
0.034056 0.032727
0.033868 0.032965
0.034153 0.032708
0.033966 0.032535
0.033818 0.031765
0.033584 0.032475
0.033861 0.032338
0.033779 0.031831
0.034233 0.032697
0.033670 0.032001
0.033147 0.032938
0.033790 0.032561
0.033740 0.032804
0.034225 0.033557
0.034674 0.033133
0.034488 0.033467
0.034874 0.032924
0.033803 0.032975
0.034542 0.032958
0.033103 0.032816
0.033601 0.032122
0.034317 0.032564
0.034667 0.032616
0.033667 0.033146
0.034346 0.032814
0.033186 0.033114
0.033870 0.032788
0.034239 0.032587
0.034573 0.032842
0.034433 0.033808
0.033847 0.032426
0.033571 0.031767
0.033441 0.031772
0.033736 0.032329
0.033189 0.032513
0.033410 0.033018
0.033715 0.032625
0.034285 0.032797
0.034057 0.032747
0.034672 0.033220
0.033711 0.032026
0.033927 0.032076
0.034180 0.032581
0.034388 0.032732
0.034010 0.032592
0.034615 0.033234
0.033430 0.031671
0.033825 0.032203
0.032995 0.032330
0.033696 0.032224
0.033783 0.031865
0.033788 0.031908
0.033643 0.032121
0.033788 0.032164
0.034180 0.032457
0.034094 0.032482
0.033730 0.031887
0.033759 0.031743
0.034076 0.031924
0.033699 0.031810
0.033448 0.031600
0.033502 0.031814
0.033638 0.032113
0.033726 0.031867
0.033961 0.032300
0.033954 0.032121
0.033766 0.031971
0.033803 0.032125
0.033898 0.032238
0.034043 0.032414
0.033758 0.032304
0.034423 0.032672
0.033999 0.032314
0.033178 0.030650
0.033360 0.030296
0.033688 0.030113
0.033822 0.030903
0.033749 0.029861
0.033979 0.030788
0.033852 0.031443
0.034234 0.032220
0.034161 0.032095
0.034074 0.029656
0.033765 0.029676
0.033688 0.030091
0.033597 0.030335
0.034012 0.031594
0.033874 0.030942
0.033473 0.030313
0.033663 0.031618
0.034140 0.032366
0.034170 0.032853
0.034288 0.032612
0.034165 0.032326
0.033890 0.032262
0.033755 0.032945
0.034076 0.032407
0.034066 0.032806
0.034831 0.033264
0.034736 0.032505
0.034044 0.031957
0.033258 0.031091
0.033968 0.032266
0.034312 0.032009
0.034839 0.033224
0.034626 0.032294
0.034194 0.031989
0.034102 0.032305
0.033821 0.032492
0.033852 0.032353
0.034349 0.029740
0.033616 0.029682
0.033495 0.031795
0.033754 0.031705
0.033437 0.031699
0.033993 0.032000
0.033153 0.031295
0.033157 0.031604
0.033475 0.030657
0.033543 0.030295
0.033904 0.032111
0.033667 0.031813
0.033197 0.031645
0.033762 0.031786
0.033857 0.031563
0.033840 0.030536
0.033674 0.030776
0.033945 0.030588
0.033650 0.031439
0.034158 0.032050
0.034753 0.032549
0.034006 0.032169
0.034004 0.032805
0.033720 0.033338
0.034292 0.033250
0.033851 0.032637
0.033801 0.032090
0.033984 0.032304
0.034006 0.032077
0.035035 0.032173
0.033967 0.030468
0.033583 0.030583
0.033826 0.032301
0.033846 0.033212
0.034140 0.032318
0.033680 0.032350
0.034433 0.033125
0.033783 0.033270
0.034423 0.033337
0.034074 0.032548
0.034000 0.029996
0.033748 0.031906
0.033844 0.032438
0.033832 0.031765
0.034198 0.032278
0.033327 0.030090
0.033949 0.030188
0.033950 0.030553
0.033900 0.032032
0.034137 0.030856
0.034289 0.032753
0.033864 0.031697
0.033864 0.032046
0.033809 0.030703
0.033853 0.031962
0.034149 0.031146
0.033750 0.031597
0.033437 0.030632
0.034608 0.032334
0.034118 0.032308
0.033779 0.032404
0.033694 0.032846
0.033780 0.032678
0.033768 0.031954
0.033789 0.032745
0.033792 0.032445
0.033651 0.031979
0.034242 0.032540
0.034132 0.031987
0.033996 0.032586
0.034757 0.032753
0.033579 0.032798
0.033730 0.031877
0.034394 0.032267
0.034149 0.032579
0.033903 0.032347
0.033585 0.032552
0.033750 0.032175
0.034034 0.032762
0.033853 0.032651
0.033894 0.032565
0.034185 0.033441
0.033587 0.032613
0.033476 0.032916
0.034744 0.032913
0.033311 0.033070
0.033767 0.032987
0.034100 0.033469
0.034270 0.033087
0.034329 0.033502
0.033637 0.032502
0.033647 0.032082
0.033582 0.032658
0.033938 0.033144
0.034302 0.032859
0.033691 0.032785
0.035055 0.032882
0.034321 0.032680
0.034372 0.032937
0.033066 0.032991
0.033524 0.032078
0.033617 0.031895
0.033555 0.032600
0.033656 0.032020
0.033485 0.031263
0.033529 0.032223
0.033824 0.032039
0.033794 0.031969
0.034237 0.032558
0.033709 0.031629
0.033163 0.031944
0.033859 0.032748
0.033804 0.032054
0.033917 0.032072
0.034217 0.032710
0.033733 0.031897
0.033586 0.032699
0.033844 0.032922
0.033812 0.031611
0.033687 0.032372
0.034252 0.033053
0.034051 0.032949
0.034260 0.032598
0.034312 0.032515
0.034087 0.032806
0.034093 0.032389
0.034414 0.032642
0.034329 0.032447
0.034422 0.032293
0.034602 0.032509
0.033480 0.030522
0.034466 0.031620
0.034484 0.032475
0.034271 0.032499
0.034568 0.032556
0.034683 0.032757
0.034472 0.032516
0.034200 0.032276
0.034257 0.032035
0.033910 0.032679
0.033449 0.029547
0.034587 0.029616
0.033231 0.029947
0.034195 0.030994
0.034254 0.029530
0.034556 0.030808
0.033478 0.029452
0.034413 0.029432
0.033913 0.029939
0.033384 0.032311
0.034132 0.032672
0.034523 0.032513
0.034332 0.031614
0.034234 0.029424
0.033838 0.030073
0.033374 0.031954
0.033229 0.030652
0.034071 0.031136
0.034245 0.030245
0.034359 0.031738
0.034457 0.032559
0.033999 0.031884
0.033682 0.031980
0.033708 0.031892
0.033618 0.032399
0.033446 0.031914
0.033603 0.032116
0.033628 0.031882
0.033841 0.031975
0.033643 0.032076
0.033877 0.031881
0.033462 0.031034
0.033713 0.031782
0.033641 0.031571
0.034028 0.032063
0.033491 0.032146
0.033706 0.031984
0.033311 0.031732
0.033723 0.032009
0.033724 0.032995
0.034229 0.032954
0.033633 0.031351
0.033560 0.032035
0.033856 0.031326
0.032986 0.032957
0.033182 0.032481
0.033462 0.032578
0.033675 0.032571
0.034228 0.033144
0.033816 0.032430
0.033775 0.032265
0.033440 0.032273
0.034129 0.032668
0.033758 0.032576
0.034078 0.032829
0.033735 0.032410
0.033646 0.032205
0.033704 0.031489
0.033017 0.032431
0.033385 0.032207
0.033312 0.032338
0.033617 0.032124
0.033550 0.032722
0.033420 0.032788
0.033169 0.031777
0.033600 0.031874
0.033677 0.031882
0.033711 0.031996
0.033767 0.032028
0.033588 0.032570
0.033631 0.032433
0.033662 0.032270
0.033464 0.032114
0.033745 0.032087
0.033653 0.031827
0.033563 0.032706
0.033404 0.032677
0.033640 0.032764
0.033200 0.032022
0.033591 0.032254
0.033705 0.032394
0.033471 0.032884
0.032956 0.032468
0.034030 0.032435
0.034094 0.032278
0.033884 0.032564
0.033880 0.032483
0.033542 0.031809
0.033803 0.032277
0.033356 0.032264
0.033485 0.031692
0.033779 0.031989
0.034285 0.032745
0.033520 0.031419
0.033768 0.032032
0.032850 0.032555
0.032706 0.032569
0.034375 0.032666
0.034302 0.031865
0.033914 0.032693
0.033881 0.032659
0.033634 0.031707
0.033675 0.031673
0.033462 0.032550
0.033731 0.032407
0.033645 0.032988
0.033756 0.032685
0.033607 0.031854
0.033648 0.031917
0.033525 0.032265
0.034078 0.032116
0.034111 0.032349
0.033823 0.032018
0.033682 0.031780
0.033761 0.032070
0.033530 0.031957
0.033656 0.032015
0.033445 0.032378
0.033879 0.032503
0.033419 0.033041
0.034140 0.032528
0.033581 0.031079
0.033842 0.031538
0.034123 0.030777
0.034297 0.031593
0.034309 0.031731
0.034112 0.031427
0.034099 0.029879
0.033962 0.031157
0.033835 0.031247
0.034589 0.032522
0.033982 0.031064
0.033222 0.029802
0.033966 0.029635
0.033494 0.029175
0.033656 0.030357
0.033060 0.030093
0.034151 0.030581
0.034082 0.030145
0.034109 0.031544
0.034127 0.031498
0.034224 0.032065
0.034349 0.032772
0.034323 0.032712
0.034068 0.032261
0.033741 0.032937
0.034414 0.032549
0.034162 0.032065
0.034439 0.032367
0.033812 0.030973
0.033566 0.030119
0.034364 0.031348
0.034589 0.032464
0.034159 0.032160
0.034237 0.032557
0.034587 0.032434
0.034142 0.031842
0.034219 0.032290
0.033969 0.032428
0.033819 0.032832
0.033691 0.030518
0.034187 0.030010
0.033818 0.030412
0.033849 0.029865
0.033598 0.029544
0.033017 0.030424
0.033139 0.031135
0.034113 0.029762
0.033830 0.031105
0.033849 0.030991
0.033826 0.033385
0.033901 0.031966
0.033507 0.031342
0.033893 0.030202
0.034040 0.030478
0.033827 0.030393
0.033975 0.031443
0.033774 0.029701
0.033598 0.029786
0.033072 0.030426
0.034343 0.032221
0.034478 0.032727
0.033899 0.032642
