0.033979 0.031278
0.033669 0.031174
0.034188 0.031326
0.033880 0.031744
0.033634 0.031509
0.034164 0.031877
0.033747 0.031719
0.033575 0.031837
0.034008 0.031348
0.033801 0.031480
0.033592 0.031370
0.034160 0.031327
0.033805 0.031255
0.033614 0.031141
0.033927 0.031694
0.033986 0.031683
0.033727 0.031590
0.033786 0.031849
0.033938 0.031516
0.034056 0.031643
0.033877 0.031825
0.033739 0.031929
0.034026 0.032155
0.034192 0.031571
0.033975 0.031493
0.034039 0.031287
0.033856 0.031453
0.033857 0.031706
0.034137 0.031656
0.034033 0.031996
0.033827 0.032353
0.033877 0.032236
0.033892 0.032337
0.033829 0.032146
0.033976 0.031541
0.033907 0.032146
0.034028 0.031935
0.033818 0.032753
0.034351 0.032726
0.033849 0.032657
0.033918 0.031919
0.034079 0.031703
0.034006 0.031864
0.034080 0.031908
0.033971 0.031577
0.033869 0.031591
0.034123 0.031808
0.033921 0.031675
0.033724 0.031956
0.034112 0.031702
0.034196 0.031924
0.034243 0.031872
0.034419 0.031863
0.034288 0.031168
0.033597 0.031878
0.033779 0.031936
0.033967 0.031840
0.034148 0.031939
0.034258 0.031787
0.034233 0.031591
0.033987 0.032015
0.034021 0.031725
0.034087 0.031877
0.034052 0.031949
0.034153 0.031469
0.034111 0.031291
0.034149 0.031372
0.033994 0.031259
0.034331 0.031703
0.034076 0.031287
0.034116 0.031432
0.034295 0.031522
0.034130 0.032089
0.034200 0.031967
0.034123 0.031833
0.034232 0.031944
0.034267 0.031834
0.034070 0.031356
0.034259 0.031346
0.034168 0.031462
0.034121 0.031125
0.034296 0.031389
0.034179 0.031460
0.034070 0.031517
0.033954 0.031517
0.033996 0.031574
0.033896 0.031616
0.033946 0.031491
0.034016 0.031416
0.034070 0.031186
0.033946 0.031466
0.033519 0.031449
0.034026 0.031520
0.033756 0.031073
0.033802 0.030843
0.033903 0.031263
0.034227 0.031099
0.034030 0.031700
0.033648 0.031016
0.033911 0.031391
0.033872 0.031368
0.033958 0.031451
0.034041 0.031579
0.034002 0.031836
0.033958 0.031418
0.033808 0.031294
0.033933 0.031459
0.033838 0.031643
0.033851 0.031138
0.033928 0.031583
0.033819 0.031784
0.033871 0.031755
0.033853 0.031738
0.034206 0.031511
0.033850 0.031353
0.033936 0.031141
0.034258 0.031438
0.033858 0.031743
0.033770 0.031684
0.033836 0.031333
0.033688 0.031254
0.033874 0.031539
0.033731 0.031344
0.033845 0.031275
0.033833 0.031347
0.034081 0.031346
0.034109 0.031178
0.034012 0.031863
0.033906 0.031641
0.033875 0.031095
0.033554 0.031462
0.033627 0.031867
0.033942 0.031679
0.034074 0.031643
0.033680 0.031376
0.033735 0.031011
0.033869 0.030959
0.033732 0.031127
0.033894 0.031029
0.033746 0.031158
0.033627 0.031045
0.033640 0.031396
0.033639 0.031598
0.033516 0.031603
0.033817 0.031222
0.033796 0.031968
0.033656 0.031763
0.033642 0.031161
0.033760 0.030999
0.034091 0.031489
0.033871 0.031343
0.033992 0.031904
0.033859 0.031551
0.033743 0.031918
0.033882 0.031750
0.033548 0.031857
0.033739 0.031814
0.033774 0.031881
0.033684 0.032031
0.033905 0.031851
0.034184 0.031922
0.034055 0.031394
0.033931 0.031695
0.034044 0.031298
0.034018 0.031108
0.034077 0.031587
0.034005 0.031377
0.033778 0.032008
0.033818 0.031487
0.034005 0.031442
0.033946 0.031393
0.033908 0.031009
0.033960 0.030975
0.033616 0.031938
0.033674 0.031777
0.034092 0.031642
0.033737 0.031316
0.033854 0.031546
0.034133 0.031338
0.033917 0.031159
0.033773 0.031366
0.033851 0.031748
0.033953 0.031638
0.033881 0.031691
0.033984 0.031526
0.033735 0.031472
0.033947 0.031490
0.033987 0.031373
0.034005 0.031544
0.033670 0.031495
0.033781 0.031526
0.033823 0.031309
0.033741 0.031475
0.033754 0.031235
0.033825 0.031598
0.033743 0.031588
0.033934 0.031757
0.033866 0.031554
0.033759 0.031180
0.033697 0.031221
0.033469 0.031067
0.033844 0.031241
0.033418 0.031777
0.033883 0.031587
0.033864 0.031494
0.034054 0.031062
0.033780 0.031884
0.033899 0.031777
0.033859 0.031445
0.034161 0.031899
0.034061 0.031462
0.034032 0.031954
0.033901 0.031952
0.033787 0.031570
0.033856 0.031377
0.034269 0.031701
0.034106 0.032170
0.034106 0.031469
0.033755 0.032118
0.034007 0.031694
0.033946 0.032055
0.033969 0.031276
0.034116 0.031369
0.034014 0.031351
0.033805 0.031078
0.034165 0.031186
0.034213 0.031682
0.034094 0.031704
0.033964 0.031418
0.034156 0.031407
0.034389 0.031558
0.034025 0.031685
0.033811 0.031849
0.034211 0.031456
0.033970 0.031257
0.034030 0.031482
0.034140 0.032002
0.033946 0.031461
0.033888 0.031705
0.033802 0.031533
0.034139 0.031843
0.034082 0.031780
0.034017 0.031883
0.034080 0.031937
0.034248 0.031702
0.034077 0.031824
0.034052 0.031725
0.033956 0.031884
0.033930 0.031751
0.033885 0.031724
0.034002 0.031660
0.034270 0.031835
0.034073 0.032075
0.033923 0.031935
0.033897 0.031811
0.034044 0.031737
0.034015 0.031648
0.034123 0.031697
0.033898 0.031746
0.034020 0.031751
0.033997 0.032021
0.034237 0.031774
0.033793 0.031877
0.033804 0.031533
0.033851 0.031916
0.033969 0.032133
0.033999 0.031928
0.034004 0.031475
0.034189 0.031720
0.033907 0.031551
0.034067 0.031849
0.034172 0.031413
0.033875 0.031787
0.034008 0.031756
0.034253 0.031400
0.034160 0.031833
0.034137 0.031890
0.033955 0.031684
0.034019 0.031890
0.033946 0.031817
0.033773 0.032103
0.033893 0.032132
0.033877 0.031796
0.034218 0.031531
0.034198 0.031682
0.034094 0.031432
0.034313 0.031495
0.033773 0.031605
0.033747 0.031577
0.033795 0.031565
0.033704 0.031749
0.034056 0.031574
0.034326 0.031795
0.034170 0.031632
0.034099 0.031619
0.033974 0.031818
0.033965 0.031567
0.033919 0.031337
0.033955 0.031244
0.034136 0.031293
0.033855 0.031749
0.033987 0.031417
0.033820 0.031190
0.033847 0.031856
0.033795 0.031761
0.033823 0.031426
0.033911 0.031322
0.034108 0.031471
0.033896 0.031752
0.033792 0.031504
0.034097 0.031304
0.034045 0.031554
0.033832 0.031331
0.034055 0.031443
0.033753 0.031725
0.033825 0.031204
0.033985 0.031705
0.033987 0.031632
0.033801 0.031442
0.033919 0.031352
0.033787 0.031439
0.033878 0.031566
0.033761 0.031636
0.033793 0.031362
0.033952 0.031423
0.033940 0.031156
0.033906 0.031570
0.034006 0.031201
0.033967 0.031361
0.033943 0.031666
0.033918 0.030831
0.033728 0.031774
0.033849 0.031335
0.033754 0.031556
0.033804 0.031432
0.033942 0.031887
0.033767 0.031855
0.033568 0.031843
0.034104 0.030952
0.033855 0.031891
0.033703 0.031136
0.033687 0.031872
0.033697 0.031793
0.033553 0.031974
0.034052 0.032585
0.033632 0.032189
0.033988 0.031666
0.033655 0.031381
0.033782 0.031963
0.033848 0.031356
0.033946 0.031593
0.034017 0.031224
0.034036 0.031398
0.034244 0.031318
0.033962 0.031401
0.033772 0.031499
0.034012 0.031494
0.033695 0.031565
0.033871 0.031992
0.033703 0.032258
0.033736 0.032371
0.034009 0.032090
0.034042 0.032424
0.033853 0.032029
0.034281 0.031524
0.034648 0.032187
0.034335 0.031940
0.034353 0.031932
0.034089 0.031625
0.034147 0.031864
0.034062 0.031856
0.034231 0.031713
0.033977 0.031789
0.034050 0.031937
0.034373 0.032263
0.034101 0.031835
0.034030 0.032164
0.034073 0.032198
0.034002 0.032169
0.034115 0.031726
0.034216 0.031875
0.034223 0.031961
0.034088 0.032044
0.033765 0.031894
0.034229 0.031703
0.033876 0.031300
0.034061 0.031577
0.033978 0.031587
0.033949 0.031678
0.033921 0.031746
0.033845 0.031849
0.033915 0.031825
0.034230 0.031987
0.034077 0.031937
0.033878 0.031353
0.033790 0.031797
0.034017 0.031572
0.034031 0.031738
0.033577 0.031465
0.033768 0.031383
0.033765 0.031280
0.033841 0.031049
0.033732 0.031378
0.033686 0.031536
0.034086 0.031538
0.034136 0.031994
0.034064 0.031257
0.033960 0.031189
0.033967 0.031298
0.034108 0.031497
0.033880 0.031409
0.033876 0.031703
0.034001 0.031790
0.034117 0.031937
0.034012 0.031355
0.034027 0.031440
0.034086 0.031886
0.034053 0.031712
0.034181 0.031528
0.034147 0.031715
0.034011 0.031879
0.034037 0.031525
0.034044 0.031591
0.034037 0.031910
0.033933 0.031472
0.033974 0.031692
0.034075 0.032012
0.033944 0.031714
0.034017 0.031697
0.033906 0.031802
0.033845 0.031654
0.033943 0.031622
0.033908 0.031517
0.033939 0.031832
0.033990 0.031530
0.034044 0.031912
0.034031 0.032036
0.033903 0.032008
0.034121 0.031882
0.034113 0.031751
0.033675 0.031518
0.034010 0.032036
0.034181 0.032038
0.033842 0.031674
0.034131 0.031773
0.033972 0.031349
0.033962 0.031750
0.034088 0.031863
0.034101 0.031924
0.034186 0.031667
0.033994 0.031642
0.034018 0.031710
0.033885 0.031690
0.033774 0.031456
0.033790 0.031658
0.033825 0.031421
0.033798 0.031420
0.033798 0.031546
0.033971 0.030970
0.033741 0.031297
0.033933 0.031338
0.033975 0.031465
0.033896 0.031041
0.033860 0.031199
0.033760 0.031408
0.033850 0.031578
0.034044 0.031351
0.033952 0.031641
0.033853 0.031536
0.033871 0.031824
0.033845 0.031574
0.033823 0.032054
0.033820 0.031867
0.033787 0.031981
0.033782 0.031978
0.033782 0.031989
0.033732 0.031921
0.033727 0.032284
0.033709 0.032069
0.033789 0.031968
0.033934 0.032072
0.033893 0.031936
0.034006 0.032045
0.034283 0.031920
0.033917 0.031894
0.033871 0.032039
0.033631 0.031866
0.033477 0.031991
0.033682 0.032148
0.033744 0.031924
0.033758 0.032021
0.033878 0.031676
0.033657 0.031893
0.033598 0.031876
0.033789 0.031746
0.033906 0.031837
0.034085 0.031836
0.033724 0.031795
0.033951 0.032050
0.034096 0.031934
0.033608 0.031946
0.033776 0.032100
0.034029 0.032014
0.033820 0.031874
0.033764 0.031863
0.033565 0.031860
0.033801 0.031941
0.033914 0.032045
0.034287 0.031931
0.033686 0.032104
0.033693 0.032024
0.033657 0.031987
0.033658 0.031780
0.033629 0.031951
0.033764 0.031919
0.033836 0.031978
0.033933 0.031646
0.033915 0.031738
0.034135 0.031802
0.033946 0.031850
0.034011 0.031855
0.034015 0.031665
0.033648 0.031718
0.033913 0.031823
0.034234 0.031966
0.034024 0.032062
0.033869 0.032107
0.033785 0.031979
0.033998 0.031971
0.033924 0.032001
0.033907 0.031936
0.033743 0.032058
0.033873 0.031928
0.034017 0.031890
0.033886 0.032389
0.033927 0.032103
0.033900 0.031829
0.033948 0.031829
0.034117 0.031568
0.033899 0.032109
0.034071 0.031677
0.033767 0.031950
0.033867 0.031974
0.033900 0.031888
0.033825 0.031639
0.034033 0.031617
0.033888 0.031647
0.033967 0.031733
0.033911 0.031750
0.033792 0.031851
0.034038 0.031839
0.033719 0.031703
0.033861 0.031673
0.033749 0.031702
0.033553 0.031616
0.033747 0.031693
0.033736 0.031778
0.033388 0.031568
0.034000 0.032036
0.033729 0.031691
0.033476 0.031878
0.033777 0.032314
0.033791 0.031621
0.034034 0.031750
0.033849 0.031578
0.033717 0.031524
0.033591 0.031695
0.033557 0.031372
0.033590 0.031434
0.033485 0.031485
0.033575 0.031453
0.033510 0.031440
0.033957 0.031533
0.034109 0.031445
0.034089 0.031409
0.034084 0.031368
0.034105 0.031462
0.034104 0.031581
0.034127 0.031686
0.034136 0.031648
0.034100 0.031453
0.034056 0.031620
0.033988 0.031625
0.034072 0.031720
0.033854 0.031664
0.033877 0.031608
0.033964 0.031364
0.033937 0.031396
0.033983 0.031600
0.033860 0.031801
0.034102 0.031505
0.033839 0.031473
0.033883 0.031655
0.034050 0.031791
0.034168 0.031834
0.034069 0.031962
0.034105 0.031951
0.033861 0.031606
0.033757 0.031775
0.033452 0.031626
0.033907 0.031600
0.033702 0.031938
0.033709 0.031921
0.033507 0.031508
0.033561 0.031449
0.033588 0.031793
0.033797 0.031477
0.033918 0.031634
0.033611 0.031654
0.033677 0.031670
0.033656 0.031721
0.033760 0.031793
0.033716 0.031671
0.033500 0.031703
0.033455 0.031623
0.033478 0.031588
0.033598 0.031398
0.033690 0.031519
0.033800 0.031480
0.033690 0.031277
0.033648 0.031294
0.033722 0.030945
0.033670 0.030997
0.033663 0.031136
0.033628 0.031041
0.033685 0.031179
0.033957 0.030813
0.034086 0.031138
0.033963 0.031342
0.034003 0.031220
0.034025 0.031044
0.033846 0.030984
0.033876 0.030983
0.033889 0.031380
0.033898 0.031189
0.033898 0.031140
0.033846 0.031147
0.033608 0.031213
0.033541 0.031109
0.033856 0.030950
0.033692 0.031235
0.033613 0.031384
0.033805 0.031382
0.033624 0.031445
0.033583 0.031445
0.033681 0.031509
0.033860 0.031476
0.033770 0.030971
0.033935 0.031274
0.033383 0.031482
0.033873 0.032088
0.033747 0.031738
0.033822 0.031886
0.033649 0.031548
0.033549 0.031526
0.033811 0.031208
0.033634 0.031337
0.033827 0.031254
0.033833 0.031397
0.033770 0.031266
0.033588 0.031003
0.034105 0.031160
0.033635 0.031109
0.033654 0.031381
0.033447 0.031417
0.033831 0.031524
0.033789 0.031611
0.033636 0.032497
0.033810 0.031568
0.034208 0.032341
0.033721 0.031316
0.033893 0.031238
0.034179 0.031250
0.033876 0.031527
0.033666 0.031356
0.033757 0.031147
0.034059 0.031332
0.034059 0.031369
0.034088 0.031792
0.034132 0.031359
0.033938 0.031253
0.034019 0.031369
0.033745 0.031497
0.034160 0.031440
0.033955 0.031422
0.033858 0.031166
0.033817 0.031348
0.033877 0.031058
0.033908 0.031341
0.034088 0.031062
0.033651 0.031257
0.033694 0.031125
0.033679 0.031160
0.033767 0.031198
0.033622 0.031226
0.033640 0.031095
0.033640 0.031031
0.033533 0.031023
0.033578 0.031035
0.033834 0.031001
0.033584 0.030920
0.033613 0.031134
0.033732 0.031019
0.033714 0.031509
0.033940 0.031364
0.033896 0.031653
0.033914 0.031521
0.033715 0.031520
0.033638 0.031631
0.033816 0.031573
0.033583 0.031574
0.033573 0.031427
0.033669 0.031585
0.033659 0.031567
0.033708 0.031516
0.033635 0.031643
0.033625 0.031468
0.033616 0.031508
0.033921 0.031477
0.033573 0.031471
0.033854 0.030927
0.033925 0.031213
0.033851 0.031421
0.033858 0.031097
0.033906 0.031205
0.033903 0.031419
0.033720 0.031223
0.033759 0.031202
0.033715 0.031126
0.033885 0.031313
0.033910 0.031486
0.033962 0.031583
0.033883 0.031379
0.033924 0.031058
0.033968 0.031021
0.033826 0.030983
0.033970 0.031057
0.033942 0.031148
0.033761 0.031208
0.033975 0.030993
0.033942 0.031299
0.033762 0.031069
0.033810 0.031049
0.033806 0.031383
0.033810 0.031231
0.033797 0.031134
0.033731 0.031212
0.033709 0.031078
0.033792 0.030826
0.033797 0.030966
0.033726 0.031535
0.033709 0.031180
0.033740 0.031382
0.033727 0.031293
0.033727 0.031285
0.033727 0.031104
0.033727 0.031008
0.033793 0.031208
0.033793 0.031210
0.033797 0.031149
0.033797 0.031197
0.033779 0.031380
0.033793 0.031299
0.033779 0.030842
0.033795 0.031427
0.033797 0.031237
0.033779 0.031615
0.033779 0.031339
0.033797 0.030954
0.033779 0.031100
0.033699 0.031465
0.033793 0.031167
0.033822 0.031062
0.033826 0.030769
0.033775 0.031745
0.033937 0.031382
0.033844 0.031117
0.033847 0.031057
0.033838 0.030988
0.033795 0.031174
0.033781 0.030986
0.033862 0.031429
0.033829 0.031325
0.033889 0.031345
0.033777 0.031460
0.033812 0.031196
0.033841 0.030804
0.033702 0.031270
0.033903 0.031292
0.033817 0.031510
0.033726 0.031274
0.033795 0.030736
0.033795 0.030919
0.033726 0.031134
0.033515 0.030814
0.033594 0.031438
0.033672 0.030670
0.033601 0.031407
0.033635 0.031081
0.033724 0.030518
0.033726 0.031047
0.033743 0.030655
0.033743 0.031047
0.033743 0.030857
0.033683 0.030900
0.033743 0.030953
0.033576 0.031169
0.033741 0.030946
0.033741 0.030894
0.033653 0.030840
0.033653 0.031053
0.033653 0.030811
0.033748 0.030811
0.033734 0.030813
0.033750 0.030880
0.033601 0.030811
0.033649 0.030811
0.033682 0.030706
0.033682 0.030548
0.033764 0.030713
0.033603 0.030752
0.033603 0.030769
0.033605 0.030678
0.033754 0.030989
0.033579 0.031023
0.033646 0.031194
0.033709 0.030747
0.033474 0.030945
0.033557 0.031278
0.033606 0.030729
0.033609 0.030898
0.033565 0.030781
0.033616 0.030864
0.033682 0.030822
0.033774 0.030772
0.033693 0.030943
0.033648 0.030781
0.033782 0.030783
0.033815 0.030754
0.033817 0.030854
0.033784 0.031007
0.033958 0.031020
0.034072 0.030897
0.033935 0.030904
0.033640 0.030792
0.033809 0.030693
0.033654 0.030971
0.033742 0.030852
0.033925 0.030835
0.033616 0.030958
0.033573 0.030927
0.033598 0.031108
0.033692 0.030990
0.033803 0.030822
0.033653 0.030905
0.033269 0.030887
0.033533 0.030932
0.033732 0.031128
0.033630 0.031037
0.033699 0.031417
0.033765 0.031288
0.033817 0.031241
0.033817 0.031237
0.033754 0.030764
0.033604 0.030974
0.033604 0.031055
0.033604 0.030984
0.033656 0.030856
0.033815 0.030668
0.033688 0.030697
0.033783 0.030834
0.033864 0.030907
0.033997 0.030708
0.034146 0.030961
0.034009 0.030889
0.033739 0.030829
0.033819 0.030807
0.033891 0.030599
0.033818 0.030719
0.033818 0.030828
0.033765 0.030910
0.034088 0.030852
0.034024 0.031203
0.034078 0.031401
0.034081 0.031234
0.034024 0.031274
0.033986 0.030864
0.033975 0.031120
0.033961 0.030752
0.034153 0.031109
0.034075 0.031388
0.033973 0.031589
0.033808 0.031390
0.034056 0.031465
0.033851 0.031245
0.033868 0.031263
0.034046 0.031109
0.033966 0.031443
0.033797 0.031550
0.033664 0.031422
0.033942 0.031278
0.033801 0.031437
0.034034 0.031260
0.033891 0.031503
0.034006 0.031406
0.034092 0.031410
0.033759 0.031412
0.033797 0.031557
0.034058 0.031527
0.034000 0.031457
0.034123 0.031557
0.034106 0.031361
0.034043 0.031655
0.034079 0.031479
0.033957 0.031486
0.033877 0.031694
0.033952 0.031651
0.034070 0.031646
0.034128 0.031674
0.034105 0.031535
0.034063 0.031673
0.033777 0.031771
0.033871 0.031802
0.033898 0.031755
0.033780 0.031695
0.033827 0.031837
0.034159 0.031884
0.033978 0.031699
0.033990 0.031792
0.033864 0.031612
0.033998 0.031841
0.033734 0.031610
0.033898 0.031744
0.034008 0.031771
0.034061 0.032005
0.033868 0.032096
0.033970 0.032022
0.033848 0.032225
0.033765 0.032105
0.033583 0.031731
0.033685 0.031641
0.033961 0.031912
0.033555 0.031856
0.033768 0.032148
0.034045 0.031516
0.033950 0.031843
0.034035 0.031696
0.034013 0.031837
0.034003 0.031898
0.033696 0.031647
0.033570 0.031766
0.033775 0.031950
0.034126 0.031371
0.034050 0.032013
0.034057 0.031550
0.033788 0.031784
0.033487 0.031476
0.033928 0.032776
0.034065 0.032402
0.033414 0.032150
0.033991 0.031809
0.034126 0.031456
0.034110 0.031624
0.034222 0.030970
0.034107 0.031202
0.034152 0.031498
0.034156 0.031335
0.034175 0.031343
0.033778 0.031265
0.034029 0.030983
0.033993 0.031540
0.033911 0.031581
0.033956 0.031637
0.034054 0.031777
0.033578 0.032185
0.033816 0.031618
0.033926 0.032078
0.034172 0.031197
0.034173 0.031354
0.033885 0.031581
0.034007 0.031156
0.033868 0.031248
0.033826 0.031367
0.033852 0.031679
0.033913 0.031660
0.033689 0.031701
0.033778 0.031639
0.033701 0.031725
0.033731 0.031796
0.033706 0.031391
0.033818 0.031676
0.033823 0.031419
0.033661 0.031633
0.033797 0.031975
0.033602 0.031748
0.033683 0.031736
0.033836 0.031673
0.033652 0.032131
0.033692 0.032140
0.033743 0.032075
0.033655 0.032036
0.033651 0.031705
0.033971 0.031802
0.033813 0.031721
0.033885 0.031707
0.033849 0.031820
0.033917 0.031781
0.033944 0.031985
0.033800 0.031840
0.033629 0.031694
0.034066 0.031645
0.033719 0.031432
0.033933 0.031489
0.034041 0.031412
0.033881 0.031198
0.033833 0.031263
0.033867 0.031483
0.034085 0.031392
0.033879 0.031093
0.034006 0.031206
0.033896 0.031077
0.033926 0.031431
0.033664 0.031315
0.033904 0.031578
0.033884 0.031256
0.033687 0.031256
0.033403 0.031573
0.033623 0.031455
0.033782 0.031086
0.033811 0.031189
0.033833 0.031134
0.033706 0.031286
0.033770 0.031263
0.033603 0.030939
0.033701 0.031359
0.033566 0.031444
0.033411 0.031475
0.033717 0.031632
0.033540 0.031396
0.033496 0.031340
0.033594 0.031429
0.033544 0.031744
0.033661 0.031336
0.033799 0.031677
0.033666 0.031511
0.033570 0.031577
0.033788 0.031457
0.034175 0.031343
0.033733 0.031852
0.033812 0.031443
0.033698 0.031438
0.033785 0.031492
0.033945 0.031627
0.033613 0.031395
0.033922 0.031413
0.034059 0.031712
0.033880 0.031879
0.034002 0.031702
0.033755 0.032105
0.033736 0.030919
0.033732 0.031594
0.033623 0.031719
0.033914 0.031741
0.033912 0.031210
0.033706 0.031361
0.033738 0.031057
0.033778 0.031212
0.033824 0.031297
0.033886 0.031620
0.033665 0.031418
0.033634 0.030994
0.033801 0.031680
0.033706 0.031429
0.033672 0.031210
0.033717 0.031272
0.033635 0.031324
0.033654 0.031771
0.033850 0.031453
0.033668 0.031469
0.033684 0.031455
0.033717 0.031433
0.033582 0.031727
0.033553 0.031448
0.033500 0.031289
0.033541 0.031336
0.033817 0.031648
0.033536 0.031260
0.033854 0.031141
0.033843 0.030817
0.033958 0.031114
0.033712 0.031311
0.033788 0.031125
0.033969 0.031032
0.033775 0.031142
0.033993 0.031352
0.033837 0.031460
0.033760 0.031425
0.033880 0.031627
0.033993 0.031632
0.033830 0.031832
0.033956 0.031296
0.033730 0.031425
0.033600 0.031636
0.033853 0.031715
0.033821 0.031615
0.033868 0.031170
0.033686 0.031375
0.033812 0.031588
0.033732 0.031002
0.033890 0.031091
0.033915 0.031115
0.034047 0.031296
0.033996 0.031067
0.034116 0.031163
0.033950 0.031209
0.033881 0.031259
0.033806 0.031340
0.033779 0.031343
0.033767 0.030944
0.034012 0.031061
0.033833 0.031007
0.033753 0.031258
0.033770 0.031308
0.034146 0.031752
0.034087 0.031412
0.033777 0.031421
0.033734 0.031533
0.033700 0.031042
0.033870 0.031441
0.033813 0.031777
0.033805 0.031679
0.033942 0.031601
0.033843 0.031412
0.033913 0.031846
0.033869 0.031763
0.034047 0.031875
0.034029 0.031916
0.033786 0.031885
0.033914 0.031709
0.034026 0.031698
0.033835 0.031449
0.033648 0.031569
0.033625 0.031425
0.033771 0.031427
0.033605 0.031324
0.033791 0.031532
0.033741 0.031488
0.033745 0.031454
0.033847 0.031520
0.033717 0.031301
0.033749 0.031381
0.034081 0.031171
0.033579 0.031606
0.033941 0.031280
0.033905 0.031063
0.034102 0.031177
0.033882 0.031609
0.033784 0.031549
0.033988 0.031609
0.033756 0.031386
0.033968 0.031778
0.033752 0.031624
0.033919 0.031350
0.033980 0.031443
0.033937 0.031698
0.033798 0.031867
0.033838 0.031495
0.033958 0.032005
0.033628 0.031726
0.034048 0.031699
0.034017 0.031706
0.033935 0.031781
0.034256 0.031575
0.033930 0.031370
0.033806 0.031812
0.033754 0.031123
0.034183 0.031338
0.034011 0.031277
0.033854 0.031819
0.033984 0.031580
0.034141 0.031539
0.034091 0.031652
0.033869 0.031564
0.034463 0.031497
0.034163 0.031071
0.034011 0.031723
0.034086 0.031365
0.033960 0.031369
0.033817 0.031186
0.033781 0.031680
0.033561 0.031728
0.033565 0.031375
0.033758 0.031224
0.033851 0.031301
0.033754 0.031374
0.034126 0.031755
0.033756 0.031546
0.033862 0.031624
0.033968 0.031731
0.034174 0.031693
