0.033926 0.030946
0.033770 0.030727
0.033441 0.031149
0.033419 0.031355
0.033710 0.031020
0.033732 0.031258
0.033538 0.030878
0.033502 0.030781
0.033599 0.030939
0.033829 0.031078
0.033707 0.031232
0.033943 0.030636
0.033892 0.030588
0.033489 0.031150
0.033562 0.031063
0.033574 0.031132
0.033854 0.031259
0.033984 0.031582
0.034046 0.031414
0.033891 0.031605
0.033817 0.031925
0.033819 0.031055
0.033761 0.031692
0.033616 0.031380
0.033728 0.031663
0.033793 0.031162
0.033786 0.031125
0.033818 0.031220
0.033913 0.031508
0.033782 0.031296
0.033926 0.031276
0.033741 0.031009
0.033697 0.031089
0.033805 0.031449
0.033496 0.031761
0.033324 0.031761
0.033753 0.031173
0.033727 0.031419
0.033665 0.030987
0.033475 0.030755
0.033560 0.031412
0.033646 0.031450
0.033647 0.031226
0.033685 0.031534
0.033566 0.031447
0.033806 0.031308
0.033649 0.031394
0.033837 0.031706
0.033788 0.031860
0.033776 0.031818
0.033692 0.031151
0.033628 0.031897
0.033520 0.032245
0.033747 0.031991
0.033643 0.031680
0.033586 0.031901
0.034085 0.032064
0.033824 0.031608
0.033795 0.031482
0.033822 0.031919
0.033795 0.031395
0.033764 0.031722
0.033788 0.031657
0.033723 0.031363
0.033547 0.031833
0.034170 0.031360
0.033514 0.031002
0.033902 0.031392
0.033321 0.031281
0.033732 0.031491
0.033633 0.031425
0.033287 0.031658
0.033676 0.031946
0.033627 0.031683
0.033852 0.031335
0.033769 0.030988
0.033882 0.030966
0.034008 0.030916
0.033712 0.031114
0.033830 0.031187
0.034092 0.031011
0.033841 0.030946
0.033805 0.031086
0.033935 0.031822
0.033715 0.031223
0.033737 0.030777
0.033952 0.031232
0.034042 0.030828
0.034086 0.031116
0.033894 0.031086
0.033608 0.031241
0.033647 0.031028
0.033985 0.031004
0.033874 0.031440
0.034087 0.031047
0.033721 0.030857
0.033888 0.030933
0.033760 0.030744
0.033820 0.031113
0.033584 0.031260
0.033852 0.030734
0.033560 0.030715
0.033773 0.030566
0.033638 0.031722
0.033765 0.030979
0.033782 0.031166
0.033737 0.030733
0.033772 0.030876
0.033828 0.030704
0.033851 0.030461
0.033767 0.031605
0.033867 0.031779
0.033845 0.030828
0.033478 0.031086
0.033796 0.031176
0.034124 0.030513
0.034208 0.031036
0.034131 0.030546
0.034266 0.030942
0.033958 0.030980
0.033745 0.030674
0.034005 0.030518
0.034038 0.030538
0.034104 0.030550
0.033860 0.031744
0.033890 0.031666
0.034030 0.031434
0.033953 0.031640
0.033979 0.031554
0.034077 0.031230
0.033952 0.030914
0.033979 0.030870
0.033827 0.031001
0.033722 0.031547
0.033806 0.031757
0.033691 0.031504
0.033782 0.031151
0.033876 0.030534
0.033684 0.031139
0.033633 0.030720
0.033755 0.031245
0.033722 0.031226
0.033712 0.031680
0.034140 0.030976
0.033707 0.031136
0.033540 0.031310
0.034008 0.031204
0.033768 0.030868
0.033824 0.031261
0.033811 0.031442
0.033655 0.031519
0.033804 0.031004
0.034108 0.031037
0.033797 0.031016
0.034168 0.030943
0.034177 0.030890
0.034276 0.031077
0.034092 0.031177
0.034071 0.030737
0.034088 0.031363
0.033877 0.031297
0.034180 0.031457
0.033985 0.031149
0.033876 0.031032
0.033975 0.031260
0.033963 0.031157
0.033940 0.031584
0.033998 0.031376
0.033697 0.031073
0.033787 0.031441
0.033739 0.031219
0.033726 0.030996
0.033792 0.031273
0.033959 0.030873
0.033984 0.031282
0.034050 0.030938
0.033994 0.031259
0.034239 0.031386
0.033912 0.031637
0.034163 0.030624
0.033947 0.031051
0.033953 0.031381
0.033928 0.031211
0.033892 0.031342
0.033915 0.030765
0.033943 0.031975
0.033707 0.031669
0.033840 0.031707
0.034033 0.032079
0.033981 0.030705
0.033953 0.031059
0.033817 0.031297
0.033774 0.031752
0.033733 0.031227
0.033952 0.031701
0.033804 0.031363
0.034095 0.031502
0.033899 0.031501
0.034034 0.032041
0.033996 0.032196
0.033925 0.031888
0.034045 0.031834
0.034234 0.031311
0.033672 0.030877
0.033331 0.031630
0.033823 0.031681
0.034099 0.031602
0.033771 0.031752
0.033704 0.031476
0.033819 0.031617
0.033614 0.031623
0.033967 0.031349
0.033545 0.031474
0.033789 0.031553
0.033646 0.030963
0.033690 0.031210
0.033701 0.031552
0.033585 0.031049
0.033526 0.030882
0.033574 0.030906
0.033681 0.031079
0.033562 0.030883
0.033650 0.030762
0.033333 0.031273
0.033775 0.031073
0.033793 0.031122
0.033810 0.031094
0.033656 0.031180
0.033448 0.031086
0.033639 0.030972
0.033811 0.030926
0.033836 0.030825
0.034006 0.030678
0.033837 0.030850
0.033897 0.030762
0.033785 0.030538
0.033854 0.030954
0.034014 0.030741
0.033802 0.030665
0.033806 0.031225
0.033847 0.031392
0.033729 0.031713
0.033891 0.031315
0.033808 0.031569
0.033960 0.031084
0.033994 0.031180
0.033739 0.031208
0.033551 0.031311
0.033752 0.031915
0.033790 0.031576
0.033920 0.031716
0.033833 0.031633
0.033946 0.031511
0.033823 0.031393
0.033835 0.031060
0.034068 0.031044
0.033858 0.031474
0.033842 0.030975
0.034031 0.031521
0.033702 0.031201
0.033950 0.031367
0.033929 0.031062
0.034007 0.031128
0.033959 0.031174
0.034002 0.031154
0.034128 0.030867
0.033617 0.030939
0.033843 0.031517
0.033737 0.030741
0.033685 0.030460
0.033848 0.031094
0.033765 0.031089
0.033801 0.031296
0.033727 0.030775
0.033711 0.030785
0.033749 0.030978
0.033681 0.031032
0.033529 0.031020
0.033468 0.031255
0.033538 0.030637
0.033597 0.031100
0.033792 0.031107
0.033607 0.031168
0.033758 0.031019
0.033772 0.031020
0.033893 0.030777
0.033731 0.031165
0.033945 0.031281
0.033847 0.031176
0.033749 0.030991
0.033720 0.030731
0.033843 0.030949
0.033767 0.030987
0.033691 0.031108
0.033660 0.031308
0.033496 0.031367
0.033646 0.031170
0.033688 0.030774
0.033653 0.030771
0.033853 0.030757
0.033893 0.030722
0.033808 0.030743
0.033881 0.030623
0.033587 0.030755
0.033714 0.030830
0.033835 0.030771
0.033786 0.030732
0.033878 0.030252
0.033817 0.030471
0.033847 0.030688
0.033910 0.031048
0.033839 0.030813
0.033682 0.030216
0.033729 0.030622
0.033530 0.030975
0.033425 0.030476
0.033592 0.031265
0.033613 0.031001
0.033540 0.031137
0.033801 0.031052
0.033702 0.031137
0.033670 0.030684
0.033609 0.030750
0.033412 0.030795
0.033634 0.031637
0.033697 0.031517
0.033756 0.031242
0.033888 0.031203
0.033797 0.031333
0.033807 0.031698
0.033843 0.031821
0.033945 0.031216
0.033595 0.031533
0.033590 0.030747
0.033698 0.031165
0.033791 0.031377
0.033642 0.031281
0.033811 0.031505
0.033588 0.030913
0.033576 0.031738
0.033617 0.031042
0.033765 0.030913
0.033603 0.031048
0.033621 0.031251
0.033891 0.030956
0.033970 0.030966
0.033695 0.030998
0.033622 0.031043
0.033738 0.030973
0.033573 0.031100
0.033501 0.031339
0.033596 0.030863
0.033762 0.031274
0.033626 0.030931
0.033544 0.030897
0.033582 0.030914
0.033824 0.031563
0.033825 0.031213
0.033711 0.031263
0.033865 0.031462
0.033893 0.031582
0.033852 0.031248
0.033792 0.031175
0.033935 0.031261
0.033915 0.031007
0.034034 0.030775
0.034048 0.031184
0.033757 0.031145
0.033911 0.031129
0.034217 0.031216
0.033982 0.030625
0.033810 0.031381
0.033721 0.031279
0.033633 0.031240
0.033848 0.031060
0.033702 0.030723
0.033642 0.030817
0.033559 0.031136
0.033779 0.031081
0.033723 0.030930
0.033812 0.030763
0.033998 0.030602
0.033967 0.030730
0.033803 0.030414
0.033872 0.030758
0.033694 0.031128
0.033830 0.030932
0.033815 0.030806
0.034015 0.030648
0.033950 0.031041
0.033992 0.030732
0.034038 0.030263
0.033946 0.030544
0.033944 0.030544
0.034042 0.030600
0.033870 0.030684
0.033749 0.030611
0.033889 0.030803
0.033567 0.030833
0.033630 0.030726
0.033661 0.030589
0.033756 0.030540
0.033920 0.030050
0.034002 0.030494
0.033914 0.030258
0.034009 0.030573
0.033666 0.030808
0.033632 0.030774
0.033873 0.030572
0.033923 0.030993
0.033800 0.030547
0.033739 0.030747
0.033743 0.030512
0.033723 0.031220
0.033772 0.030837
0.033853 0.031080
0.033720 0.030757
0.033772 0.031039
0.033691 0.030906
0.033901 0.030899
0.033775 0.030655
0.033797 0.031016
0.033731 0.031049
0.033697 0.030734
0.033951 0.030538
0.033967 0.030781
0.033860 0.030947
0.033984 0.030429
0.033782 0.030574
0.033807 0.030360
0.033575 0.030268
0.033537 0.030587
0.033337 0.030737
0.033540 0.030643
0.033567 0.030833
0.033953 0.031049
0.033956 0.030603
0.034059 0.030590
0.033998 0.030229
0.033900 0.030462
0.033794 0.031033
0.033730 0.030392
0.033795 0.030990
0.033839 0.030573
0.033644 0.030365
0.033713 0.030594
0.033619 0.030801
0.033819 0.030521
0.033837 0.031092
0.033805 0.030773
0.033664 0.030372
0.033743 0.030346
0.034154 0.030571
0.033707 0.030512
0.033724 0.030567
0.034084 0.030689
0.033899 0.031138
0.033851 0.030915
0.033832 0.031251
0.033901 0.030995
0.033755 0.030709
0.033782 0.030850
0.033599 0.030563
0.033826 0.030604
0.033846 0.030825
0.034066 0.030995
0.033937 0.030822
0.034036 0.030814
0.034175 0.030630
0.033836 0.031220
0.033635 0.031297
0.033726 0.031046
0.034007 0.031190
0.033624 0.031146
0.033885 0.030848
0.033878 0.030761
0.033959 0.030980
0.033872 0.030843
0.033971 0.031048
0.033654 0.030935
0.033496 0.031371
0.033852 0.031204
0.033712 0.030967
0.033821 0.030842
0.033701 0.030610
0.033793 0.030650
0.034069 0.030709
0.033770 0.030914
0.033382 0.031608
0.033453 0.031227
0.033367 0.030951
0.033359 0.031338
0.033566 0.031000
0.033924 0.031316
0.033790 0.031082
0.033882 0.030822
0.033641 0.030619
0.033819 0.030658
0.033432 0.030673
0.033610 0.030791
0.033484 0.031010
0.033727 0.030626
0.033770 0.030568
0.033755 0.030935
0.033716 0.030396
0.033541 0.030809
0.033682 0.031462
0.033754 0.031670
0.034085 0.032317
0.033938 0.030867
0.033851 0.030827
0.033830 0.030822
0.033759 0.030797
0.033796 0.030794
0.033941 0.031029
0.033982 0.030528
0.033854 0.030884
0.033832 0.031896
0.033900 0.030954
0.033874 0.030893
0.033746 0.031018
0.033882 0.030758
0.033885 0.030834
0.033816 0.030866
0.033890 0.030594
0.033909 0.030450
0.033946 0.030817
0.033891 0.030605
0.033909 0.030601
0.033984 0.030687
0.033944 0.030902
0.033773 0.030693
0.033670 0.031006
0.033591 0.030958
0.033686 0.030570
0.033771 0.030837
0.033799 0.031088
0.033707 0.030440
0.033689 0.030617
0.033659 0.031155
0.033848 0.031499
0.033800 0.031561
0.033870 0.031533
0.033827 0.030822
0.033819 0.031333
0.033830 0.030935
0.033794 0.030465
0.033858 0.030785
0.033948 0.031234
0.033805 0.031147
0.034061 0.030873
0.033930 0.030846
0.033877 0.030879
0.034017 0.030986
0.033869 0.030936
0.034026 0.031610
0.033812 0.031433
0.033606 0.031289
0.033465 0.030913
0.033846 0.031020
0.033760 0.030782
0.034019 0.030993
0.033882 0.031068
0.033537 0.031135
0.033716 0.030868
0.033958 0.031132
0.033485 0.031334
0.033730 0.030762
0.033946 0.031013
0.033565 0.030883
0.033980 0.030816
0.033784 0.031130
0.033882 0.031387
0.033741 0.031539
0.033750 0.031101
0.033932 0.031167
0.033744 0.031489
0.033822 0.030749
0.033810 0.031328
0.033751 0.031144
0.033650 0.031241
0.033896 0.030955
0.033721 0.031583
0.033840 0.031129
0.033779 0.031293
0.033946 0.030818
0.033706 0.030746
0.033800 0.030892
0.033717 0.031139
0.033792 0.030880
0.033683 0.030477
0.033611 0.030816
0.033737 0.030586
0.033958 0.030776
0.033830 0.030811
0.033861 0.030967
0.033712 0.030683
0.033953 0.030624
0.033598 0.030612
0.033867 0.030643
0.033689 0.030727
0.033787 0.030586
0.033848 0.030610
0.033728 0.030860
0.034079 0.030596
0.033871 0.031217
0.033726 0.030867
0.033631 0.030347
0.033676 0.030762
0.033597 0.030438
0.033805 0.030553
0.033721 0.030456
0.033808 0.030866
0.033894 0.030902
0.034007 0.031139
0.033681 0.031296
0.034100 0.031363
0.034143 0.031351
0.034009 0.030962
0.033966 0.030838
0.033851 0.031239
0.033768 0.030934
0.033957 0.030854
0.033928 0.031306
0.033949 0.031279
0.034215 0.030929
0.033896 0.031323
0.033815 0.031661
0.033886 0.031259
0.033891 0.030549
0.033808 0.030404
0.033914 0.031214
0.033938 0.031038
0.033726 0.030992
0.033509 0.031144
0.033736 0.031250
0.033906 0.031082
0.033807 0.031048
0.033825 0.031349
0.033660 0.031092
0.033604 0.031145
0.033567 0.031244
0.033798 0.030808
0.033655 0.030944
0.033770 0.030532
0.033590 0.030911
0.033711 0.030548
0.033657 0.030588
0.033723 0.030223
0.033622 0.030516
0.033733 0.030502
0.033678 0.030509
0.033888 0.030555
0.033688 0.030659
0.033853 0.030531
0.033751 0.030733
0.034005 0.030322
0.033808 0.030406
0.033727 0.030024
0.033840 0.030139
0.033810 0.030142
0.033971 0.030135
0.033937 0.030308
0.033877 0.030433
0.034002 0.030567
0.034115 0.030881
0.033919 0.030670
0.033941 0.031228
0.033983 0.030621
0.033797 0.030901
0.034098 0.030754
0.034066 0.030760
0.034030 0.030412
0.034192 0.030306
0.033884 0.030827
0.033961 0.030635
0.033977 0.031171
0.033947 0.031691
0.034145 0.030629
0.034123 0.030966
0.034315 0.030495
0.033739 0.030448
0.033691 0.030613
0.033439 0.030558
0.033685 0.030811
0.033760 0.030920
0.033788 0.031350
0.033944 0.030690
0.033622 0.030988
0.033798 0.030505
0.033871 0.030488
0.033987 0.031159
0.034011 0.030697
0.033931 0.031159
0.034006 0.030524
0.033936 0.030775
0.034115 0.031044
0.033640 0.031101
0.033952 0.030654
0.033985 0.030902
0.034184 0.030854
0.034077 0.030813
0.034099 0.030962
0.034013 0.031022
0.033984 0.030895
0.033894 0.030879
0.033881 0.030584
0.034076 0.030658
0.033973 0.031010
0.033987 0.030647
0.033944 0.031009
0.033861 0.031319
0.033875 0.030771
0.033768 0.031423
0.033833 0.031382
0.033749 0.031222
0.033928 0.031782
0.033814 0.031714
0.034082 0.031519
0.033723 0.030751
0.033493 0.031485
0.033571 0.031240
0.033716 0.031420
0.033668 0.031350
0.033519 0.031322
0.033742 0.030665
0.033706 0.031000
0.033937 0.031325
0.033881 0.031060
0.033672 0.030870
0.033700 0.030829
0.033811 0.031485
0.033783 0.031670
0.033606 0.031390
0.033681 0.031058
0.033756 0.030810
0.033671 0.030805
0.033860 0.031639
0.033782 0.031295
0.033791 0.030551
0.033506 0.031054
0.034020 0.031064
0.033707 0.030786
0.033653 0.030703
0.033816 0.031348
0.033515 0.031199
0.033637 0.031109
0.033703 0.031079
0.033494 0.031094
0.033592 0.030665
0.033617 0.030641
0.033797 0.030599
0.033768 0.030677
0.033889 0.030730
0.033741 0.030892
0.033592 0.031005
0.033656 0.031390
0.033843 0.031792
0.033678 0.031181
0.033652 0.031018
0.033490 0.031181
0.033565 0.031207
0.033827 0.031468
0.033646 0.030962
0.033910 0.031209
0.033799 0.031275
0.033775 0.030436
0.033733 0.030749
0.033584 0.030520
0.033730 0.031430
0.033538 0.031191
0.033553 0.030888
0.033534 0.031101
0.033853 0.031004
0.033761 0.031450
0.033646 0.030784
0.033694 0.030833
0.033646 0.030989
0.033678 0.031358
0.033776 0.030905
0.033869 0.030672
0.033803 0.031203
0.033824 0.030725
0.033839 0.031048
0.033858 0.030997
0.033796 0.031143
0.033845 0.031534
0.033669 0.030718
0.033572 0.031124
0.033536 0.031681
0.033623 0.031399
0.033685 0.030643
0.033973 0.030614
0.033715 0.030683
0.033809 0.030739
0.033829 0.030790
0.033829 0.030791
0.033797 0.030769
0.033899 0.030983
0.033717 0.030671
0.033771 0.030522
0.033860 0.030839
0.033871 0.030029
0.033819 0.030273
0.033872 0.030471
0.033647 0.030648
0.034074 0.030960
0.033810 0.030739
0.033756 0.030642
0.033855 0.030793
0.033921 0.030364
0.033780 0.031168
0.033980 0.031016
0.033987 0.030749
0.033819 0.031325
0.033973 0.030948
0.033947 0.031252
0.033703 0.030788
0.033507 0.030690
0.033714 0.030668
0.033729 0.030711
0.033498 0.030700
0.033758 0.030689
0.033485 0.030566
0.033502 0.030818
0.033535 0.031095
0.033929 0.030697
0.033826 0.031013
0.033814 0.031405
0.033546 0.031365
0.033646 0.031214
0.033664 0.031221
0.033725 0.030696
0.033913 0.031615
0.033547 0.031354
0.033452 0.031153
0.033772 0.030594
0.033769 0.031134
0.033802 0.031581
0.033964 0.031505
0.034036 0.030513
0.033852 0.030909
0.034070 0.031263
0.033949 0.031418
0.034012 0.030918
0.033896 0.031082
0.033603 0.032056
0.033764 0.031384
0.033761 0.031525
0.033899 0.030932
0.033695 0.031305
0.033720 0.031784
0.033975 0.031909
0.033690 0.031744
0.033654 0.031972
0.033940 0.032213
0.033796 0.031918
0.033566 0.032054
0.033605 0.031760
0.033666 0.031403
0.033821 0.031938
0.033864 0.031714
0.033577 0.031143
0.033825 0.030957
0.033708 0.031936
0.033525 0.031322
0.033618 0.031962
0.033862 0.031826
0.033761 0.031315
0.033825 0.031317
0.033694 0.031539
0.033760 0.031545
0.033455 0.031376
0.033507 0.031268
0.033553 0.031237
0.033683 0.031252
0.033702 0.031584
0.033628 0.031404
0.033746 0.031227
0.033694 0.031177
0.033769 0.031357
0.033784 0.031181
0.033803 0.031368
0.033636 0.031289
0.033549 0.031309
0.033581 0.031725
0.033480 0.032060
0.033471 0.031890
0.033506 0.031908
0.033528 0.032112
0.033508 0.031675
0.033621 0.032145
0.033570 0.031337
0.033724 0.031283
0.033199 0.031526
0.033610 0.032032
0.033571 0.031539
0.033687 0.031937
0.033530 0.031587
0.033802 0.031153
0.033766 0.031039
0.033597 0.031074
0.033657 0.031149
0.033581 0.031756
0.033430 0.031916
0.033455 0.031803
0.033782 0.030973
0.033710 0.031673
0.033804 0.031102
0.033754 0.031153
0.033798 0.032005
0.033871 0.031714
0.033960 0.031607
0.033910 0.031043
0.033861 0.031444
0.033518 0.031853
0.033937 0.031560
0.033813 0.031409
0.033824 0.031253
0.033550 0.031608
0.033876 0.031388
0.033675 0.031441
0.033821 0.031313
0.033508 0.031650
0.033351 0.031469
0.033655 0.031773
0.033491 0.031762
0.033454 0.031378
0.033525 0.031021
0.033735 0.031251
0.033790 0.031675
0.033807 0.031443
0.033626 0.032019
0.033796 0.031953
0.033919 0.031284
0.033560 0.031942
0.033559 0.031550
0.033520 0.031571
0.033699 0.031717
0.033727 0.032171
0.033859 0.031539
0.033904 0.031980
0.033716 0.031690
0.033506 0.031958
0.033715 0.031614
0.033973 0.031296
0.033855 0.031603
0.033968 0.031569
0.034064 0.031418
0.034026 0.031894
0.033875 0.031433
0.034184 0.031332
0.034000 0.032048
0.034066 0.031792
0.034226 0.031800
0.033741 0.031443
0.033757 0.031769
0.033838 0.031853
0.034342 0.032161
0.033849 0.031867
0.034115 0.032028
0.033603 0.031468
0.033982 0.031736
0.034171 0.031736
0.033692 0.032013
0.034128 0.031832
0.034217 0.031665
0.034048 0.032271
0.033874 0.032421
0.034001 0.032147
0.033808 0.031556
0.034052 0.031126
0.034045 0.031526
0.034063 0.031406
0.033935 0.031522
0.033746 0.031463
0.033803 0.031293
0.034136 0.031158
0.033732 0.031309
0.033761 0.031468
0.033966 0.030696
0.033741 0.030893
0.033927 0.031120
0.033938 0.031169
0.033625 0.031022
0.033744 0.030834
0.033945 0.031163
0.034029 0.031023
0.034068 0.030654
0.034058 0.030731
0.033751 0.030979
0.033925 0.030670
0.033777 0.031312
0.033576 0.031781
0.033815 0.031326
0.033657 0.031206
0.033605 0.031447
0.033916 0.030776
0.033738 0.031139
0.033813 0.031520
0.034040 0.031668
0.033811 0.031476
0.033825 0.031714
0.034227 0.031454
0.033846 0.032103
0.033808 0.031280
0.033647 0.031918
0.033709 0.030716
0.033816 0.031973
0.033665 0.031492
0.033730 0.030756
0.033637 0.030501
0.033737 0.030612
0.033717 0.031405
0.033676 0.031506
0.033640 0.030780
0.033774 0.030701
0.033913 0.031104
0.033740 0.031452
0.033893 0.030831
0.033697 0.031488
0.033698 0.031022
0.033806 0.030774
0.033619 0.031517
0.033703 0.031205
0.033876 0.030797
0.033768 0.031637
0.033702 0.030615
0.033794 0.031800
0.033729 0.030569
0.033793 0.030680
0.033980 0.030759
0.033739 0.030831
0.033721 0.030994
0.033733 0.030739
0.033794 0.030776
0.033712 0.031767
0.033867 0.030959
0.033629 0.030620
0.033605 0.030169
0.033793 0.030289
0.033758 0.030533
0.033949 0.030341
0.033644 0.030190
0.033761 0.030858
0.033387 0.030473
0.033693 0.031023
0.033817 0.031169
0.033910 0.031143
0.033869 0.031683
0.033816 0.031486
0.033927 0.031667
0.033793 0.031950
0.034094 0.031715
0.033892 0.031747
0.033674 0.031587
0.033632 0.031829
0.033695 0.031945
0.033724 0.032438
0.033987 0.032032
0.033911 0.031091
0.033876 0.030779
0.033922 0.030285
0.033696 0.030581
0.033605 0.030528
0.033585 0.030719
0.033894 0.030729
0.033817 0.031204
0.033731 0.031627
0.033756 0.031744
0.033962 0.031021
0.033723 0.031184
0.033561 0.031824
0.033750 0.031821
0.033629 0.031577
0.033723 0.031478
0.033552 0.031500
0.033614 0.031310
0.033685 0.031408
0.033714 0.031137
0.033972 0.031143
0.033862 0.030660
0.033804 0.031641
0.033872 0.031139
0.033659 0.031181
0.033649 0.031028
0.033601 0.031264
0.033581 0.031090
0.033544 0.031126
0.033752 0.030699
0.033443 0.030787
0.033523 0.030851
0.033589 0.031103
0.033646 0.030842
0.033501 0.030943
0.033599 0.030892
0.033734 0.030862
0.033703 0.031546
0.033784 0.031229
0.033912 0.030969
0.033767 0.031115
0.033831 0.031032
0.033725 0.030893
0.033577 0.031281
0.033858 0.031217
0.033724 0.030581
0.033712 0.030842
0.033545 0.030722
0.033666 0.030663
0.033700 0.031343
0.033875 0.030731
0.033505 0.030788
0.033731 0.030857
0.033623 0.031452
0.033827 0.031018
0.033752 0.031326
0.033531 0.031296
0.033575 0.030475
0.033712 0.031501
0.033441 0.031155
0.033476 0.031067
0.033475 0.031113
0.033578 0.031302
0.033588 0.030982
0.033457 0.031813
0.033346 0.031173
0.033626 0.030957
0.033493 0.031190
0.033468 0.030840
0.033483 0.030977
0.033535 0.030878
0.033663 0.031141
0.033550 0.031093
0.033295 0.031440
0.033456 0.031250
0.033411 0.031327
0.033675 0.031677
0.033490 0.031149
0.033315 0.031169
0.033353 0.031427
0.033618 0.031014
0.033664 0.031276
0.033706 0.031125
0.033668 0.031321
0.033594 0.031354
0.033807 0.031343
0.033616 0.031838
0.033699 0.031420
0.033503 0.031363
0.033626 0.031590
0.033464 0.031822
0.033492 0.031445
0.033505 0.031247
0.033624 0.031264
0.033567 0.031638
0.033153 0.031140
0.033432 0.031318
0.033477 0.031730
0.033514 0.030954
0.033463 0.031357
0.033780 0.031487
0.033662 0.031413
0.033504 0.031229
0.033818 0.031520
0.033772 0.031610
0.033508 0.031458
0.033492 0.031290
0.033477 0.031259
0.033655 0.031144
0.033688 0.031417
0.033414 0.031068
0.033647 0.031213
0.033489 0.031163
0.033710 0.031275
0.033443 0.030977
0.033770 0.031113
0.033211 0.031330
0.033568 0.031324
0.033836 0.031431
0.033533 0.031091
0.033782 0.031247
0.033576 0.031346
0.033435 0.031189
0.033432 0.031359
0.033531 0.031539
0.033596 0.031454
0.033369 0.031328
0.033514 0.031739
0.033279 0.031535
0.033283 0.031693
0.033499 0.031463
0.033784 0.031437
0.033504 0.031489
0.033566 0.031610
0.033591 0.031633
0.033560 0.031560
0.033587 0.031384
0.033370 0.031052
0.033351 0.031353
0.033491 0.031310
